8.000000000000000444e-01 -8.680986542103815964e+02 1.742831935040778697e-19 1.742831935040778697e-19 -1.592159401975300739e+02 -1.742831935040778697e-19 1.742831935040778697e-19 1.592159401975300739e+02
8.200000000000000622e-01 -8.710769149344735069e+02 1.742831935040778697e-19 1.742831935040778697e-19 -1.389970696393727110e+02 -1.742831935040778697e-19 -1.742831935040778697e-19 1.389970696393727110e+02
8.400000000000000799e-01 -8.736750392253251221e+02 1.742831935040778697e-19 0.000000000000000000e+00 -1.211097834800977893e+02 -1.742831935040778697e-19 -3.485663870081557394e-19 1.211097834800977893e+02
8.600000000000000977e-01 -8.759359882067600438e+02 1.742831935040778697e-19 1.742831935040778697e-19 -1.052958542442339223e+02 -1.742831935040778697e-19 1.742831935040778697e-19 1.052958542442339223e+02
8.800000000000001155e-01 -8.779004599892531360e+02 3.485663870081557394e-19 8.714159675206465804e-20 -9.131290319216604701e+01 0.000000000000000000e+00 -8.714159675206465804e-20 9.131290319216604701e+01
9.000000000000001332e-01 -8.796008908206188153e+02 8.714159675206465804e-20 3.485663870081557394e-19 -7.896562333963883873e+01 -8.714159675206465804e-20 0.000000000000000000e+00 7.896562333963883873e+01
9.200000000000001510e-01 -8.810690031823086201e+02 0.000000000000000000e+00 0.000000000000000000e+00 -6.806391383867851630e+01 -3.485663870081557394e-19 -3.485663870081557394e-19 6.806391383867851630e+01
9.400000000000001688e-01 -8.823323761552477436e+02 -1.742831935040778697e-19 8.714159675206465804e-20 -5.844256024970782448e+01 -1.742831935040778697e-19 -8.714159675206465804e-20 5.844256024970782448e+01
9.600000000000001865e-01 -8.834149740930487269e+02 8.714159675206465804e-20 1.742831935040778697e-19 -4.995767208498480727e+01 -8.714159675206465804e-20 1.742831935040778697e-19 4.995767208498480727e+01
9.800000000000002043e-01 -8.843379452700523871e+02 1.742831935040778697e-19 8.714159675206465804e-20 -4.248194141179929773e+01 -1.742831935040778697e-19 -8.714159675206465804e-20 4.248194141179929773e+01
1.000000000000000222e+00 -8.851207894577061097e+02 8.714159675206465804e-20 8.714159675206465804e-20 -3.590219875624237034e+01 -8.714159675206465804e-20 -8.714159675206465804e-20 3.590219875624237034e+01
1.020000000000000240e+00 -8.857799435654910667e+02 8.714159675206465804e-20 8.714159675206465804e-20 -3.012007869173049812e+01 -8.714159675206465804e-20 -8.714159675206465804e-20 3.012007869173049812e+01
1.040000000000000258e+00 -8.863313328812721466e+02 4.357079837602203733e-20 4.357079837602203733e-20 -2.504303624545518048e+01 -4.357079837602203733e-20 -4.357079837602203733e-20 2.504303624545518048e+01
1.060000000000000275e+00 -8.867868979257004867e+02 4.357079837602203733e-20 4.357079837602203733e-20 -2.059229503258844574e+01 -4.357079837602203733e-20 -4.357079837602203733e-20 2.059229503258844574e+01
1.080000000000000293e+00 -8.871590957355106184e+02 4.357079837602203733e-20 4.357079837602203733e-20 -1.669192767851856374e+01 -4.357079837602203733e-20 -4.357079837602203733e-20 1.669192767851856374e+01
1.100000000000000311e+00 -8.874583689609170278e+02 -4.357079837602203733e-20 1.089269959400679519e-19 -1.327585245468601727e+01 -1.307123951280712578e-19 6.535619756400991776e-20 1.327585245468601727e+01
1.120000000000000329e+00 -8.876937954595438214e+02 1.089269959400679519e-19 2.178539918801359159e-20 -1.028514908111959691e+01 6.535619756400991776e-20 -2.178539918801359159e-20 1.028514908111959691e+01
1.140000000000000346e+00 -8.878728997637645080e+02 2.178539918801359159e-20 2.178539918801359159e-20 -7.671331983443090863e+00 -2.178539918801359159e-20 -2.178539918801359159e-20 7.671331983443090863e+00
1.160000000000000364e+00 -8.880033999768671720e+02 2.178539918801359159e-20 2.178539918801359159e-20 -5.389305554547376254e+00 -2.178539918801359159e-20 -2.178539918801359159e-20 5.389305554547376254e+00
1.180000000000000382e+00 -8.880911969858786961e+02 2.178539918801359159e-20 2.178539918801359159e-20 -3.400515047383860345e+00 -2.178539918801359159e-20 -2.178539918801359159e-20 3.400515047383860345e+00
1.200000000000000400e+00 -8.881420785581190103e+02 -9.258794654902689370e-20 -8.714159675206465804e-20 -1.669498824169626694e+00 -8.169524695505097598e-20 -8.714159675206465804e-20 1.669498824169626694e+00
1.220000000000000417e+00 -8.881604051425534863e+02 8.169524695505097598e-20 -9.803429634604058780e-20 -1.669462970152243153e-01 9.258794654902689370e-20 -7.624889715803728188e-20 1.669462970152243153e-01
1.240000000000000435e+00 -8.881506714493089021e+02 8.714159675206465804e-20 -9.258794654902689370e-20 1.136835487525558630e+00 8.714159675206465804e-20 -8.169524695505097598e-20 -1.136835487525558630e+00
1.260000000000000453e+00 -8.881167751635097147e+02 8.169524695505097598e-20 -9.258794654902689370e-20 2.266370746258530744e+00 9.258794654902689370e-20 -8.169524695505097598e-20 -2.266370746258530744e+00
1.280000000000000471e+00 -8.880618669600075918e+02 -2.723174898501184364e-21 -2.723174898501184364e-21 3.249457539031264108e+00 2.723174898501184364e-21 2.723174898501184364e-21 -3.249457539031264108e+00
1.300000000000000488e+00 -8.879884236008261951e+02 -6.807937246254247371e-22 -3.403968623126609289e-22 4.094946381867466734e+00 6.807937246254247371e-22 3.403968623126609289e-22 -4.094946381867466734e+00
1.320000000000000506e+00 -8.878994937164311523e+02 -1.736023997794447301e-19 6.807937246254247371e-22 4.822535539787105030e+00 -1.749639872287110092e-19 -6.807937246254247371e-22 -4.822535539787105030e+00
1.340000000000000524e+00 -8.877970454907945168e+02 1.361587449250849474e-21 1.361587449250849474e-21 5.445266030931911416e+00 -1.361587449250849474e-21 -1.361587449250849474e-21 -5.445266030931911416e+00
1.360000000000000542e+00 -8.876833869222452904e+02 1.089269959400679579e-20 1.089269959400679579e-20 5.971276348789646526e+00 -1.089269959400679579e-20 -1.089269959400679579e-20 -5.971276348789646526e+00
1.380000000000000560e+00 -8.875595561662894397e+02 1.089269959400679579e-20 5.446349797003397897e-21 6.420824376306569548e+00 -1.089269959400679579e-20 -5.446349797003397897e-21 -6.420824376306569548e+00
1.400000000000000577e+00 -8.874274903656045126e+02 5.446349797003397897e-21 1.797295433010915638e-19 6.801129019832007572e+00 -5.446349797003397897e-21 1.688368437070641756e-19 -6.801129019832007572e+00
