8.000000000000000444e-01 -5.585957305972832501e+02 3.485663870081557394e-19 3.485663870081557394e-19 -1.349599049258082175e+02 -3.485663870081557394e-19 -3.485663870081557394e-19 1.349599049258082175e+02
8.200000000000000622e-01 -5.611057343985404486e+02 3.485663870081557394e-19 3.485663870081557394e-19 -1.164761298639103302e+02 -3.485663870081557394e-19 -3.485663870081557394e-19 1.164761298639103302e+02
8.400000000000000799e-01 -5.632674653773673299e+02 3.485663870081557394e-19 3.485663870081557394e-19 -1.000836247640705921e+02 -3.485663870081557394e-19 -3.485663870081557394e-19 1.000836247640705921e+02
8.600000000000000977e-01 -5.651203475133172560e+02 3.485663870081557394e-19 3.485663870081557394e-19 -8.555209433774885497e+01 -3.485663870081557394e-19 -3.485663870081557394e-19 8.555209433774885497e+01
8.800000000000001155e-01 -5.666996057011295989e+02 3.485663870081557394e-19 1.742831935040778697e-19 -7.267670956548684558e+01 -3.485663870081557394e-19 -1.742831935040778697e-19 7.267670956548684558e+01
9.000000000000001332e-01 -5.680365232575600203e+02 1.742831935040778697e-19 1.742831935040778697e-19 -6.127728908195885538e+01 -1.742831935040778697e-19 -1.742831935040778697e-19 6.127728908195885538e+01
9.200000000000001510e-01 -5.691588995343208808e+02 1.742831935040778697e-19 1.742831935040778697e-19 -5.119165880242227473e+01 -1.742831935040778697e-19 -1.742831935040778697e-19 5.119165880242227473e+01
9.400000000000001688e-01 -5.700915748807539103e+02 1.742831935040778697e-19 1.742831935040778697e-19 -4.227674887345315824e+01 -1.742831935040778697e-19 -1.742831935040778697e-19 4.227674887345315824e+01
9.600000000000001865e-01 -5.708565510167314869e+02 1.742831935040778697e-19 1.742831935040778697e-19 -3.440529330812288578e+01 -1.742831935040778697e-19 -1.742831935040778697e-19 3.440529330812288578e+01
9.800000000000002043e-01 -5.714737768429406515e+02 1.742831935040778697e-19 1.742831935040778697e-19 -2.746466875727029233e+01 -1.742831935040778697e-19 -1.742831935040778697e-19 2.746466875727029233e+01
1.000000000000000222e+00 -5.719606377643057158e+02 1.742831935040778697e-19 1.742831935040778697e-19 -2.135415717165607319e+01 -1.742831935040778697e-19 -1.742831935040778697e-19 2.135415717165607319e+01
1.020000000000000240e+00 -5.723327777536792382e+02 8.714159675206465804e-20 8.714159675206465804e-20 -1.598420451988338797e+01 -8.714159675206465804e-20 -8.714159675206465804e-20 1.598420451988338797e+01
1.040000000000000258e+00 -5.726043610810364726e+02 8.714159675206465804e-20 8.714159675206465804e-20 -1.127506060598284954e+01 -8.714159675206465804e-20 -8.714159675206465804e-20 1.127506060598284954e+01
1.060000000000000275e+00 -5.727877917914200907e+02 8.714159675206465804e-20 8.714159675206465804e-20 -7.155232518685725296e+00 -8.714159675206465804e-20 -8.714159675206465804e-20 7.155232518685725296e+00
1.080000000000000293e+00 -5.728942110572508000e+02 8.714159675206465804e-20 8.714159675206465804e-20 -3.560918470448102280e+00 -8.714159675206465804e-20 -8.714159675206465804e-20 3.560918470448102280e+00
1.100000000000000311e+00 -5.729335760335418399e+02 1.742831935040778697e-19 8.714159675206465804e-20 -4.350594917591730781e-01 -1.742831935040778697e-19 -8.714159675206465804e-20 4.350594917591730781e-01
1.120000000000000329e+00 -5.729145844087696560e+02 8.714159675206465804e-20 1.742831935040778697e-19 2.273770993148473529e+00 -8.714159675206465804e-20 -1.742831935040778697e-19 -2.273770993148473529e+00
1.140000000000000346e+00 -5.728453748428293011e+02 1.742831935040778697e-19 1.742831935040778697e-19 4.611038434236900407e+00 -1.742831935040778697e-19 -1.742831935040778697e-19 -4.611038434236900407e+00
1.160000000000000364e+00 -5.727327407435170699e+02 8.714159675206465804e-20 1.742831935040778697e-19 6.618253734007991440e+00 -8.714159675206465804e-20 -1.742831935040778697e-19 -6.618253734007991440e+00
1.180000000000000382e+00 -5.725829190114048970e+02 8.714159675206465804e-20 1.742831935040778697e-19 8.331961011597030620e+00 -8.714159675206465804e-20 -1.742831935040778697e-19 -8.331961011597030620e+00
1.200000000000000400e+00 -5.724015134445502326e+02 1.742831935040778697e-19 8.714159675206465804e-20 9.785975910412926027e+00 -1.742831935040778697e-19 -8.714159675206465804e-20 -9.785975910412926027e+00
1.220000000000000417e+00 -5.721933681457180683e+02 1.742831935040778697e-19 1.742831935040778697e-19 1.100991097617128212e+01 -1.742831935040778697e-19 -1.742831935040778697e-19 -1.100991097617128212e+01
1.240000000000000435e+00 -5.719628547197852413e+02 1.742831935040778697e-19 8.714159675206465804e-20 1.203048316270867524e+01 -1.742831935040778697e-19 -8.714159675206465804e-20 -1.203048316270867524e+01
1.260000000000000453e+00 -5.717137853082617767e+02 8.714159675206465804e-20 1.742831935040778697e-19 1.287172058469366931e+01 -8.714159675206465804e-20 -1.742831935040778697e-19 -1.287172058469366931e+01
1.280000000000000471e+00 -5.714494203731670723e+02 1.742831935040778697e-19 8.714159675206465804e-20 1.355538257906212785e+01 -1.742831935040778697e-19 -8.714159675206465804e-20 -1.355538257906212785e+01
1.300000000000000488e+00 -5.711729184701556505e+02 1.742831935040778697e-19 1.742831935040778697e-19 1.410034930603220182e+01 -1.742831935040778697e-19 -1.742831935040778697e-19 -1.410034930603220182e+01
1.320000000000000506e+00 -5.708867003187945102e+02 1.742831935040778697e-19 1.742831935040778697e-19 1.452418767133357491e+01 -1.742831935040778697e-19 -1.742831935040778697e-19 -1.452418767133357491e+01
1.340000000000000524e+00 -5.705930240864369125e+02 1.742831935040778697e-19 1.742831935040778697e-19 1.484222816625284302e+01 -1.742831935040778697e-19 -1.742831935040778697e-19 -1.484222816625284302e+01
1.360000000000000542e+00 -5.702939902481018635e+02 1.742831935040778697e-19 1.742831935040778697e-19 1.506809064312536073e+01 -1.742831935040778697e-19 -1.742831935040778697e-19 -1.506809064312536073e+01
1.380000000000000560e+00 -5.699912530672046387e+02 8.714159675206465804e-20 8.714159675206465804e-20 1.521403121688982196e+01 -8.714159675206465804e-20 -8.714159675206465804e-20 -1.521403121688982196e+01
1.400000000000000577e+00 -5.696863426366046497e+02 8.714159675206465804e-20 8.714159675206465804e-20 1.529080560234910280e+01 -8.714159675206465804e-20 -8.714159675206465804e-20 -1.529080560234910280e+01
