8.000000000000000444e-01 -4.083957275390625000e+03 4.069010727107524872e-03 4.069010727107524872e-03 -6.225585937500000000e-01 4.069010727107524872e-03 4.069010727107524872e-03 6.296793818473815918e-01
8.200000000000000622e-01 -4.083986083984375000e+03 1.017252681776881218e-03 1.017252681776881218e-03 -2.288818359375000000e+00 1.017252681776881218e-03 1.017252681776881218e-03 2.290853023529052734e+00
8.400000000000000799e-01 -4.084049804687500000e+03 -4.069010727107524872e-03 -4.069010727107524872e-03 -4.086303710937500000e+00 -4.069010727107524872e-03 -4.069010727107524872e-03 4.086303710937500000e+00
8.600000000000000977e-01 -4.084149902343750000e+03 -3.051757812500000000e-03 -3.051757812500000000e-03 -5.927531242370605469e+00 -3.051757812500000000e-03 -3.051757812500000000e-03 5.923461914062500000e+00
8.800000000000001155e-01 -4.084286865234375000e+03 -3.051757812500000000e-03 -3.051757812500000000e-03 -7.776896476745605469e+00 -3.051757812500000000e-03 -3.051757812500000000e-03 7.775878906250000000e+00
9.000000000000001332e-01 -4.084460205078125000e+03 -1.017252681776881218e-03 -1.017252681776881218e-03 -9.528605461120605469e+00 -1.017252681776881218e-03 -1.017252681776881218e-03 9.527587890625000000e+00
9.200000000000001510e-01 -4.084666748046875000e+03 2.034505363553762436e-03 2.034505363553762436e-03 -1.109924316406250000e+01 2.034505363553762436e-03 2.034505363553762436e-03 1.109924316406250000e+01
9.400000000000001688e-01 -4.084902587890625000e+03 4.069010727107524872e-03 4.069010727107524872e-03 -1.243998241424560547e+01 4.069010727107524872e-03 4.069010727107524872e-03 1.243998241424560547e+01
9.600000000000001865e-01 -4.085162353515625000e+03 -1.017252681776881218e-03 -1.017252681776881218e-03 -1.348266601562500000e+01 -1.017252681776881218e-03 -1.017252681776881218e-03 1.348775291442871094e+01
9.800000000000002043e-01 -4.085440185546875000e+03 3.051757812500000000e-03 3.051757812500000000e-03 -1.425069236755371094e+01 3.051757812500000000e-03 3.051757812500000000e-03 1.425069236755371094e+01
1.000000000000000222e+00 -4.085730957031250000e+03 3.051757812500000000e-03 3.051757812500000000e-03 -1.480000877380371094e+01 3.051757812500000000e-03 3.051757812500000000e-03 1.480407714843750000e+01
1.020000000000000240e+00 -4.086031005859375000e+03 -0.000000000000000000e+00 -0.000000000000000000e+00 -1.518147850036621094e+01 -0.000000000000000000e+00 -0.000000000000000000e+00 1.518046092987060547e+01
1.040000000000000258e+00 -4.086336669921875000e+03 -4.069010727107524872e-03 -4.069010727107524872e-03 -1.534627342224121094e+01 -4.069010727107524872e-03 -4.069010727107524872e-03 1.535034179687500000e+01
1.060000000000000275e+00 -4.086641601562500000e+03 2.034505363553762436e-03 2.034505363553762436e-03 -1.501261425018310547e+01 2.034505363553762436e-03 2.034505363553762436e-03 1.501363182067871094e+01
1.080000000000000293e+00 -4.086932128906250000e+03 4.069010727107524872e-03 4.069010727107524872e-03 -1.387736034393310547e+01 4.069010727107524872e-03 4.069010727107524872e-03 1.387837791442871094e+01
1.100000000000000311e+00 -4.087191894531250000e+03 -3.051757812500000000e-03 -3.051757812500000000e-03 -1.196492576599121094e+01 -3.051757812500000000e-03 -3.051757812500000000e-03 1.196695995330810547e+01
1.120000000000000329e+00 -4.087407714843750000e+03 2.034505363553762436e-03 2.034505363553762436e-03 -9.569295883178710938e+00 2.034505363553762436e-03 2.034505363553762436e-03 9.572347640991210938e+00
1.140000000000000346e+00 -4.087573730468750000e+03 3.051757812500000000e-03 3.051757812500000000e-03 -7.038371086120605469e+00 3.051757812500000000e-03 3.051757812500000000e-03 7.041422843933105469e+00
1.160000000000000364e+00 -4.087689697265625000e+03 -2.034505363553762436e-03 -2.034505363553762436e-03 -4.579671382904052734e+00 -2.034505363553762436e-03 -2.034505363553762436e-03 4.579671382904052734e+00
1.180000000000000382e+00 -4.087758056640625000e+03 -1.017252681776881218e-03 -1.017252681776881218e-03 -2.311197996139526367e+00 -1.017252681776881218e-03 -1.017252681776881218e-03 2.309163570404052734e+00
1.200000000000000400e+00 -4.087783691406250000e+03 3.051757812500000000e-03 3.051757812500000000e-03 -2.909342646598815918e-01 3.051757812500000000e-03 3.051757812500000000e-03 2.939860224723815918e-01
1.220000000000000417e+00 -4.087771484375000000e+03 -4.069010727107524872e-03 -4.069010727107524872e-03 1.460774779319763184e+00 -4.069010727107524872e-03 -4.069010727107524872e-03 -1.463826537132263184e+00
1.240000000000000435e+00 -4.087727050781250000e+03 2.034505363553762436e-03 2.034505363553762436e-03 2.952067136764526367e+00 2.034505363553762436e-03 2.034505363553762436e-03 -2.952067136764526367e+00
1.260000000000000453e+00 -4.087655273437500000e+03 1.017252681776881218e-03 1.017252681776881218e-03 4.173787593841552734e+00 1.017252681776881218e-03 1.017252681776881218e-03 -4.174804687500000000e+00
1.280000000000000471e+00 -4.087562011718750000e+03 -0.000000000000000000e+00 -0.000000000000000000e+00 5.111694335937500000e+00 -0.000000000000000000e+00 -0.000000000000000000e+00 -5.108642578125000000e+00
1.300000000000000488e+00 -4.087452880859375000e+03 -0.000000000000000000e+00 -0.000000000000000000e+00 5.740356445312500000e+00 -0.000000000000000000e+00 -0.000000000000000000e+00 -5.741374015808105469e+00
1.320000000000000506e+00 -4.087334228515625000e+03 2.034505363553762436e-03 2.034505363553762436e-03 6.068929195404052734e+00 2.034505363553762436e-03 2.034505363553762436e-03 -6.072998046875000000e+00
1.340000000000000524e+00 -4.087211669921875000e+03 -4.069010727107524872e-03 -4.069010727107524872e-03 6.148274898529052734e+00 -4.069010727107524872e-03 -4.069010727107524872e-03 -6.145223140716552734e+00
1.360000000000000542e+00 -4.087089355468750000e+03 -1.017252681776881218e-03 -1.017252681776881218e-03 6.062825679779052734e+00 -1.017252681776881218e-03 -1.017252681776881218e-03 -6.061808586120605469e+00
1.380000000000000560e+00 -4.086969726562500000e+03 -2.034505363553762436e-03 -2.034505363553762436e-03 5.904134273529052734e+00 -2.034505363553762436e-03 -2.034505363553762436e-03 -5.905151367187500000e+00
1.400000000000000577e+00 -4.086853515625000000e+03 3.051757812500000000e-03 3.051757812500000000e-03 5.711873531341552734e+00 3.051757812500000000e-03 3.051757812500000000e-03 -5.714925289154052734e+00
