8.000000000000000444e-01 -2.975917480468750000e+03 -0.000000000000000000e+00 -0.000000000000000000e+00 -6.365966796875000000e+00 -0.000000000000000000e+00 -0.000000000000000000e+00 6.365966796875000000e+00
8.200000000000000622e-01 -2.976065429687500000e+03 -3.051757812500000000e-03 -3.051757812500000000e-03 -8.413696289062500000e+00 -3.051757812500000000e-03 -3.051757812500000000e-03 8.415731430053710938e+00
8.400000000000000799e-01 -2.976253417968750000e+03 -2.034505363553762436e-03 -2.034505363553762436e-03 -1.036580467224121094e+01 -2.034505363553762436e-03 -2.034505363553762436e-03 1.036580467224121094e+01
8.600000000000000977e-01 -2.976478759765625000e+03 -1.017252681776881218e-03 -1.017252681776881218e-03 -1.213378906250000000e+01 -1.017252681776881218e-03 -1.017252681776881218e-03 1.212972068786621094e+01
8.800000000000001155e-01 -2.976736816406250000e+03 -4.069010727107524872e-03 -4.069010727107524872e-03 -1.361897850036621094e+01 -4.069010727107524872e-03 -4.069010727107524872e-03 1.361287498474121094e+01
9.000000000000001332e-01 -2.977021484375000000e+03 -2.034505363553762436e-03 -2.034505363553762436e-03 -1.480712890625000000e+01 -2.034505363553762436e-03 -2.034505363553762436e-03 1.480407714843750000e+01
9.200000000000001510e-01 -2.977327148437500000e+03 4.069010727107524872e-03 4.069010727107524872e-03 -1.569010448455810547e+01 4.069010727107524872e-03 4.069010727107524872e-03 1.569213867187500000e+01
9.400000000000001688e-01 -2.977647460937500000e+03 -3.051757812500000000e-03 -3.051757812500000000e-03 -1.631266403198242188e+01 -3.051757812500000000e-03 -3.051757812500000000e-03 1.631673240661621094e+01
9.600000000000001865e-01 -2.977978515625000000e+03 1.017252681776881218e-03 1.017252681776881218e-03 -1.678771972656250000e+01 1.017252681776881218e-03 1.017252681776881218e-03 1.678466796875000000e+01
9.800000000000002043e-01 -2.978317382812500000e+03 -3.051757812500000000e-03 -3.051757812500000000e-03 -1.711934471130371094e+01 -3.051757812500000000e-03 -3.051757812500000000e-03 1.711832809448242188e+01
1.000000000000000222e+00 -2.978658447265625000e+03 -0.000000000000000000e+00 -0.000000000000000000e+00 -1.676940917968750000e+01 -0.000000000000000000e+00 -0.000000000000000000e+00 1.677246093750000000e+01
1.020000000000000240e+00 -2.978979248046875000e+03 3.051757812500000000e-03 3.051757812500000000e-03 -1.497802734375000000e+01 3.051757812500000000e-03 3.051757812500000000e-03 1.496988964080810547e+01
1.040000000000000258e+00 -2.979248779296875000e+03 -0.000000000000000000e+00 -0.000000000000000000e+00 -1.179097557067871094e+01 -0.000000000000000000e+00 -0.000000000000000000e+00 1.179300975799560547e+01
1.060000000000000275e+00 -2.979446289062500000e+03 -4.069010727107524872e-03 -4.069010727107524872e-03 -7.913208007812500000e+00 -4.069010727107524872e-03 -4.069010727107524872e-03 7.913208007812500000e+00
1.080000000000000293e+00 -2.979564697265625000e+03 -3.051757812500000000e-03 -3.051757812500000000e-03 -3.961181640625000000e+00 -3.051757812500000000e-03 -3.051757812500000000e-03 3.966268062591552734e+00
1.100000000000000311e+00 -2.979606689453125000e+03 -2.034505363553762436e-03 -2.034505363553762436e-03 -3.245036005973815918e-01 -2.034505363553762436e-03 -2.034505363553762436e-03 3.214518427848815918e-01
1.120000000000000329e+00 -2.979580566406250000e+03 1.017252681776881218e-03 1.017252681776881218e-03 2.852376461029052734e+00 1.017252681776881218e-03 1.017252681776881218e-03 -2.847290039062500000e+00
1.140000000000000346e+00 -2.979496337890625000e+03 1.017252681776881218e-03 1.017252681776881218e-03 5.466715812683105469e+00 1.017252681776881218e-03 1.017252681776881218e-03 -5.471801757812500000e+00
1.160000000000000364e+00 -2.979366210937500000e+03 -1.017252681776881218e-03 -1.017252681776881218e-03 7.423909664154052734e+00 -1.017252681776881218e-03 -1.017252681776881218e-03 -7.419840812683105469e+00
1.180000000000000382e+00 -2.979204589843750000e+03 -2.034505363553762436e-03 -2.034505363553762436e-03 8.590698242187500000e+00 -2.034505363553762436e-03 -2.034505363553762436e-03 -8.592733383178710938e+00
1.200000000000000400e+00 -2.979027832031250000e+03 1.017252681776881218e-03 1.017252681776881218e-03 8.939616203308105469e+00 1.017252681776881218e-03 1.017252681776881218e-03 -8.939616203308105469e+00
1.220000000000000417e+00 -2.978850830078125000e+03 -3.051757812500000000e-03 -3.051757812500000000e-03 8.673095703125000000e+00 -3.051757812500000000e-03 -3.051757812500000000e-03 -8.677165031433105469e+00
1.240000000000000435e+00 -2.978682617187500000e+03 -2.034505363553762436e-03 -2.034505363553762436e-03 8.151245117187500000e+00 -2.034505363553762436e-03 -2.034505363553762436e-03 -8.152262687683105469e+00
1.260000000000000453e+00 -2.978524902343750000e+03 2.034505363553762436e-03 2.034505363553762436e-03 7.645670890808105469e+00 2.034505363553762436e-03 2.034505363553762436e-03 -7.652791500091552734e+00
1.280000000000000471e+00 -2.978376220703125000e+03 2.034505363553762436e-03 2.034505363553762436e-03 7.229614257812500000e+00 2.034505363553762436e-03 2.034505363553762436e-03 -7.230631828308105469e+00
1.300000000000000488e+00 -2.978235351562500000e+03 3.051757812500000000e-03 3.051757812500000000e-03 6.846110343933105469e+00 3.051757812500000000e-03 3.051757812500000000e-03 -6.846110343933105469e+00
1.320000000000000506e+00 -2.978102294921875000e+03 3.051757812500000000e-03 3.051757812500000000e-03 6.456502437591552734e+00 3.051757812500000000e-03 3.051757812500000000e-03 -6.456502437591552734e+00
1.340000000000000524e+00 -2.977977050781250000e+03 3.051757812500000000e-03 3.051757812500000000e-03 6.054687500000000000e+00 3.051757812500000000e-03 3.051757812500000000e-03 -6.058756828308105469e+00
1.360000000000000542e+00 -2.977860107421875000e+03 -2.034505363553762436e-03 -2.034505363553762436e-03 5.634562492370605469e+00 -2.034505363553762436e-03 -2.034505363553762436e-03 -5.628458976745605469e+00
1.380000000000000560e+00 -2.977751953125000000e+03 4.069010727107524872e-03 4.069010727107524872e-03 5.178833007812500000e+00 4.069010727107524872e-03 4.069010727107524872e-03 -5.173747062683105469e+00
1.400000000000000577e+00 -2.977653076171875000e+03 -0.000000000000000000e+00 -0.000000000000000000e+00 4.722086906433105469e+00 -0.000000000000000000e+00 -0.000000000000000000e+00 -4.717000484466552734e+00
