 0.00000000000000000E+00
 8.40119308826083738E-02
 2.05036246043194786E-01
 3.46067791361874155E-01
 4.95066233657885824E-01
 6.41227455076674113E-01
 7.81766401114268428E-01
 9.15891559776812247E-01
 1.03992531062023286E+00
 1.13598156252218341E+00
 1.21556030535855464E+00
 1.29866552768802768E+00
 1.39997717447457015E+00
 1.53359207741661896E+00
 2.07622942470762117E+00
 2.27645019868053833E+00
 2.48132798125404896E+00
 2.70196321926365268E+00
 3.19102723746879269E+00
 3.86380475305257143E+00
 4.67381277085877844E+00
 5.41924233110280262E+00
