# BigDFT file - NEB generated
 0.27976199999999999E+02 0.00000000000000000E+00 0.00000000000000000E+00
 0.00000000000000000E+00 0.00000000000000000E+00 0.24228600000000000E+02
#keyword: atomicd0
#keyword: surface
#metaData: properties=  {format: ascii, source: posinp31.ascii}
  2.99520385216884621E-01  1.99477400877408790E+01  3.17516572088508919E-01 C
  4.98991780153948028E+00  1.99118730233718502E+01  3.95654787808990216E-01 C
  9.68963812279110037E+00  1.99047139745948094E+01  4.27390504832224682E-01 C
  1.43006483702592195E+01  1.99347831554368504E+01  3.24473042769247710E-01 C
  1.89353827630636999E+01  1.99704421168071100E+01  2.26293127597536697E-01 C
  2.35978249255964485E+01  1.99720995681351496E+01  2.21471630510487211E-01 C
  3.45887116202418077E-01  1.99658578820027515E+01  3.01395701288564499E+00 C
  5.03862742132561614E+00  1.99150475095530908E+01  3.09838309778925414E+00 C
  9.75497129632347004E+00  1.99028325636507013E+01  3.17595225505499812E+00 C
  1.43435068903299303E+01  1.99287649878449784E+01  3.06490793425841801E+00 C
  1.89855791005180983E+01  1.99729110144520590E+01  2.94347384139320489E+00 C
  2.36557927720165218E+01  1.99819084312251292E+01  2.92012738605686595E+00 C
  2.69093988211350199E+00  1.99672244507036183E+01  4.39156949020293919E+00 C
  7.39274904148763934E+00  1.99025593632854694E+01  4.47072749738713160E+00 C
  1.21139231651263000E+01  1.99155086637129592E+01  4.58061958885147469E+00 C
  1.66866598720887005E+01  1.99564160152337706E+01  4.35127169955188098E+00 C
  2.13424451260729597E+01  1.99824051315499389E+01  4.24428295217721008E+00 C
  2.59872006468059098E+01  1.99891303747213307E+01  4.30878655571532043E+00 C
  2.70929583824043885E+00  2.00335435573478193E+01  7.08831202681460582E+00 C
  7.41996159947224942E+00  2.00017733202014192E+01  7.17202244461157790E+00 C
  1.22185411691543493E+01  2.00133931251880810E+01  7.43717675245862520E+00 C
  1.67489448132403602E+01  1.99582836852683201E+01  7.06224558056717644E+00 C
  2.13956423303053995E+01  1.99841598440759398E+01  6.93168801954668279E+00 C
  2.60135542715031605E+01  2.00089329800525384E+01  7.01342562373018197E+00 C
  3.44451735904090173E-01  2.00333583895348291E+01  8.39494999180265999E+00 C
  5.01905148397520939E+00  2.00873375640898004E+01  8.45349906747082969E+00 C
  9.75491025668938683E+00  2.01813488063397983E+01  8.54190040273573281E+00 C
  1.47008077224259708E+01  1.99911770270842410E+01  8.78586705240510213E+00 C
  1.91292129052207791E+01  1.99748385578968595E+01  8.24172879737148456E+00 C
  2.36906995405037399E+01  2.00002530340452509E+01  8.32773160727186124E+00 C
  2.73097087111866921E-01  2.00370887555716912E+01  1.10872170724061601E+01 C
  4.90992792063216044E+00  2.01125446236701002E+01  1.11565603742744592E+01 C
  9.39989796230561758E+00  2.10647453469162684E+01  1.11393415180406805E+01 C
  1.89450939077332912E+01  1.99870701871405991E+01  1.08990784581388098E+01 C
  2.36043940803796097E+01  2.00045308370109005E+01  1.10121671663263303E+01 C
  2.57261896433211001E+00  2.00530693611773003E+01  1.24756683321206001E+01 C
  7.14494143828485129E+00  2.02597337894502516E+01  1.25582038931474305E+01 C
  1.64354592202586289E+01  1.99896892273997189E+01  1.18331867352120401E+01 C
  2.12352828135970917E+01  1.99920530230754494E+01  1.23121591720915600E+01 C
  2.59066698275097309E+01  2.00232182767598594E+01  1.23971675325304105E+01 C
  2.54973497986283704E+00  2.00494147624778591E+01  1.51630246110462608E+01 C
  7.15020008580280297E+00  2.00998900548972905E+01  1.52043063177305804E+01 C
  1.17498238392209498E+01  1.99638160698110596E+01  1.52373256942073905E+01 C
  1.63791689238213714E+01  1.99778076889681095E+01  1.46557614953424906E+01 C
  2.11718770894157799E+01  1.99899552057836800E+01  1.49863754387124093E+01 C
  2.58690127614448109E+01  2.00182513616961693E+01  1.50930126386511194E+01 C
  2.14105979473185909E-01  2.00247542029578689E+01  1.64751170972423289E+01 C
  4.86301776144497389E+00  2.00077553596282307E+01  1.65444330672497983E+01 C
  9.50613076447381111E+00  1.99662601231905015E+01  1.65337891431699191E+01 C
  1.41345052105518896E+01  1.99816496283187810E+01  1.62532543231930191E+01 C
  1.87561009259426790E+01  1.99862915622175414E+01  1.61736605051588107E+01 C
  2.35141223235341208E+01  1.99957028054557604E+01  1.63863129850884910E+01 C
  2.44362767771010098E-01  1.99857976158193011E+01  1.91673546222756102E+01 C
  4.91182202620137787E+00  1.99383509422734093E+01  1.92463140846206286E+01 C
  9.55996026800551668E+00  1.98772198411890813E+01  1.92288694746813000E+01 C
  1.42108664510949900E+01  1.99687029717714992E+01  1.90391664471620885E+01 C
  1.88221624266647183E+01  1.99827003562641288E+01  1.89495138024286014E+01 C
  2.35380789502255112E+01  1.99830066925386483E+01  1.90748929131171892E+01 C
  2.58888878321059801E+00  1.99510701434711493E+01  2.05551357565256900E+01 C
  7.25552379838253092E+00  1.99052788444597084E+01  2.06022017254379897E+01 C
  1.19294888403590207E+01  1.99168996432928296E+01  2.04879399552098391E+01 C
  1.65457172023956609E+01  1.99725784511058890E+01  2.03832673561350397E+01 C
  2.11756997449195801E+01  1.99784335253148413E+01  2.03546450598162103E+01 C
  2.58842317988120101E+01  1.99735720916507304E+01  2.04603368057239798E+01 C
  2.64023111475131822E+00  1.99320143704356489E+01  2.32502957123123792E+01 C
  7.32064460337684864E+00  1.99100845503395583E+01  2.33062678532380190E+01 C
  1.19716067194997695E+01  1.99178899469418909E+01  2.32239544984817492E+01 C
  1.65928434446214617E+01  1.99569730152351212E+01  2.31199093256183694E+01 C
  2.12381077419662603E+01  1.99753596256934713E+01  2.30799314925134098E+01 C
  2.59336688801425304E+01  1.99604910599323411E+01  2.31580233086347604E+01 C
  1.04585355550085595E+01  2.30886818538448999E+01  1.19519645308973104E+01 N {IGSpin: 1}
