# BigDFT file - NEB generated
 0.27976199999999999E+02 0.00000000000000000E+00 0.00000000000000000E+00
 0.00000000000000000E+00 0.00000000000000000E+00 0.24228600000000000E+02
#keyword: atomicd0
#keyword: surface
#metaData: properties=  {format: ascii, source: posinp4.ascii}
  3.10469713949314274E-01  1.99363501790649416E+01  3.32610960434605307E-01 C
  5.02290134275519939E+00  1.99066616136532595E+01  4.47374554948056613E-01 C
  9.70456131644121278E+00  1.98986935649627696E+01  4.48120159675016116E-01 C
  1.42974761072491301E+01  1.99389924539679413E+01  2.97740611203313410E-01 C
  1.89203819178064698E+01  1.99746147648461090E+01  1.77437832108099713E-01 C
  2.35947932371060887E+01  1.99685201027782888E+01  2.01802025444471511E-01 C
  3.71012665459031110E-01  1.99542145000960787E+01  3.02996880810733193E+00 C
  5.09643340211078488E+00  1.99266716558285211E+01  3.16533578779183111E+00 C
  9.79090660598349238E+00  1.99049652583664383E+01  3.22109943688086497E+00 C
  1.43565947366982805E+01  1.99404575371998511E+01  3.05867576954622722E+00 C
  1.89930478623666197E+01  1.99769615885298109E+01  2.90187035687455497E+00 C
  2.36660011933946208E+01  1.99793072617450491E+01  2.89805436615467205E+00 C
  2.72516944144941897E+00  1.99591297962965406E+01  4.42693717404220699E+00 C
  7.47029133882162899E+00  1.99264353412282986E+01  4.58886541653521540E+00 C
  1.21516838380346108E+01  1.99192285182602795E+01  4.61572907289443624E+00 C
  1.67063471102985091E+01  1.99619134649701415E+01  4.32888309179563713E+00 C
  2.13559191328583715E+01  1.99842479427707005E+01  4.21107530760024584E+00 C
  2.60073985273313788E+01  1.99815910837496205E+01  4.30803533952901319E+00 C
  2.75073461022886079E+00  2.00268286324015214E+01  7.11713110559512163E+00 C
  7.55656389112737070E+00  2.00066581143141988E+01  7.33877440343113019E+00 C
  1.23056798185219893E+01  1.99381875178962495E+01  7.50419939192636321E+00 C
  1.67973262135711288E+01  1.99590225570514299E+01  7.03461044527250312E+00 C
  2.14297149212573110E+01  1.99858332453225493E+01  6.89953806356559607E+00 C
  2.60420934962699206E+01  2.00032858889729503E+01  7.00447124325031734E+00 C
  3.83559601924119975E-01  2.00323181232838010E+01  8.39939377054299996E+00 C
  5.08707320010211284E+00  2.01146431553887197E+01  8.52835463652265702E+00 C
  9.94332035621695631E+00  2.00026265330860191E+01  8.80021040880034455E+00 C
  1.47920994014968095E+01  1.99556728710750413E+01  8.80487520585559302E+00 C
  1.91748247794011490E+01  1.99766968919425310E+01  8.20908684690802914E+00 C
  2.37171831554139594E+01  1.99964150809816203E+01  8.31150582767509860E+00 C
  3.06822312726135804E-01  2.00497622671840503E+01  1.10882201740538306E+01 C
  4.95161551035598269E+00  2.02917927028427094E+01  1.11681244717474204E+01 C
  9.91788313063211113E+00  2.05567244386897698E+01  1.16899296815921705E+01 C
  1.89786741399925383E+01  1.99796324571708794E+01  1.08544685202275293E+01 C
  2.36234705827270588E+01  1.99966451611064713E+01  1.09957890724865397E+01 C
  2.61465904408002014E+00  2.01542479715159892E+01  1.24761950669309307E+01 C
  7.23475997957504102E+00  2.07208397619781586E+01  1.26415870721565007E+01 C
  1.64381115967021003E+01  1.99714040289276298E+01  1.17314302884158206E+01 C
  2.12488159042181408E+01  1.99858722079273896E+01  1.22854513370705405E+01 C
  2.59280251614706714E+01  2.00167860895722214E+01  1.23913354371956093E+01 C
  2.53838935724496917E+00  2.01307716815199811E+01  1.51767133848909204E+01 C
  7.10519274166729975E+00  2.02323277091530507E+01  1.53133775176118405E+01 C
  1.15491274624556706E+01  1.99505806066537588E+01  1.48314982095972994E+01 C
  1.63157792654240410E+01  1.99661257773688412E+01  1.45404943013598800E+01 C
  2.11508394681861311E+01  1.99833665625254788E+01  1.49570744513902891E+01 C
  2.58645697687406901E+01  2.00160308406789689E+01  1.50805776048249207E+01 C
  2.18322908612468808E-01  2.00369877049317111E+01  1.64727375328842101E+01 C
  4.84251480600480289E+00  2.00874402903989200E+01  1.65976921229419894E+01 C
  9.45806281188649756E+00  1.99840952650015886E+01  1.64959854941475506E+01 C
  1.39765088818267795E+01  1.99567856171516986E+01  1.60149607809977503E+01 C
  1.87100549932925517E+01  1.99762804810476986E+01  1.61138730854077785E+01 C
  2.34989642760867383E+01  1.99897986162907308E+01  1.63660128959522986E+01 C
  2.47552471316206807E-01  1.99747691907298801E+01  1.91791506740526998E+01 C
  4.90685315021059409E+00  1.99387153440576803E+01  1.92866397289403189E+01 C
  9.54908895859710682E+00  1.99034102297877418E+01  1.91943362995769995E+01 C
  1.41296129649373192E+01  1.99508084247631317E+01  1.88898941962863596E+01 C
  1.87844713686585614E+01  1.99757517676154706E+01  1.88870232331011891E+01 C
  2.35224592795473804E+01  1.99784428994103287E+01  1.90546824263624792E+01 C
  2.58596499733449203E+00  1.99322162552493509E+01  2.05907374049174585E+01 C
  7.26300925923288787E+00  1.99053705233788314E+01  2.06105805926882510E+01 C
  1.19130203880437797E+01  1.99091171838675010E+01  2.04391713505458696E+01 C
  1.64802026754588589E+01  1.99652873288088415E+01  2.02820946104227708E+01 C
  2.11521473232085917E+01  1.99759630483688504E+01  2.03150739326025906E+01 C
  2.58833806393998991E+01  1.99634413226298690E+01  2.04563994181152609E+01 C
  2.65410791550519098E+00  1.99162682340381707E+01  2.32865500253654005E+01 C
  7.33917814947037517E+00  1.98968317816026108E+01  2.33278683263215214E+01 C
  1.19700132820274305E+01  1.99112388988540197E+01  2.32023547873158016E+01 C
  1.65627082718029897E+01  1.99606970681291109E+01  2.30518503229136016E+01 C
  2.12277039385416018E+01  1.99749976871033716E+01  2.30457321124344894E+01 C
  2.59406621547155289E+01  1.99513090122223993E+01  2.31531280021941690E+01 C
  8.91080706571056780E+00  2.29831211578506114E+01  1.19804045164751507E+01 N {IGSpin: 1}
