# BigDFT file - NEB generated
 0.27976199999999999E+02 0.00000000000000000E+00 0.00000000000000000E+00
 0.00000000000000000E+00 0.00000000000000000E+00 0.24228600000000000E+02
#keyword: atomicd0
#keyword: surface
#metaData: properties=  {format: ascii, source: posinp22.ascii}
  3.08691383105603678E-01  1.99456619707363494E+01  3.31928390817776198E-01 C
  5.01041336490801203E+00  1.99172945772421812E+01  4.27334303091991607E-01 C
  9.70261192778998272E+00  1.99078397294150413E+01  4.35267501831555714E-01 C
  1.43015050488539597E+01  1.99406896778092104E+01  3.06701958873172476E-01 C
  1.89274075368857808E+01  1.99722968559268885E+01  1.96190421213347288E-01 C
  2.35979506877961498E+01  1.99709283032347713E+01  2.11234623428388196E-01 C
  3.67204977207353123E-01  1.99643530656674884E+01  3.02788765937479898E+00 C
  5.07630621030024365E+00  1.99289895460222901E+01  3.13888411941906798E+00 C
  9.78161826968976555E+00  1.99102843150404496E+01  3.20161044188861688E+00 C
  1.43552893261512509E+01  1.99386083908332488E+01  3.05659684823470279E+00 C
  1.89928150469270491E+01  1.99752625623998910E+01  2.91789756184752180E+00 C
  2.36664724988648807E+01  1.99809799614452395E+01  2.90976876856975109E+00 C
  2.71858907439397512E+00  1.99699885962530885E+01  4.41542958992981927E+00 C
  7.44229091252751562E+00  1.99223742704496800E+01  4.53570414241599096E+00 C
  1.21407563188638701E+01  1.99188562261946700E+01  4.59782711670124566E+00 C
  1.67023767516561392E+01  1.99604517144538214E+01  4.33701918896496519E+00 C
  2.13547209814731787E+01  1.99837445128898494E+01  4.22557649891443088E+00 C
  2.60032373641686902E+01  1.99872712301753310E+01  4.31153642734539488E+00 C
  2.74859659221544295E+00  2.00399340141138786E+01  7.11359902733765992E+00 C
  7.50479022942740936E+00  2.00057030291341498E+01  7.26565581486789291E+00 C
  1.22717167795797106E+01  1.99640510787212691E+01  7.47715645800241013E+00 C
  1.67823332703944885E+01  1.99582496732201307E+01  7.04610515795966386E+00 C
  2.14217914586557292E+01  1.99860983475786789E+01  6.91333313985482256E+00 C
  2.60377794313280404E+01  2.00093260993188693E+01  7.01382681526379059E+00 C
  3.73357399213415819E-01  2.00428307625103095E+01  8.40420797265469943E+00 C
  5.06863201063357671E+00  2.01022386061361189E+01  8.49724209959262033E+00 C
  9.87038379871785487E+00  2.00651998837625101E+01  8.67487667748265068E+00 C
  1.47670819311313704E+01  1.99652790719432716E+01  8.80938764393357054E+00 C
  1.91617436981001106E+01  1.99759887432318806E+01  8.22154852924000501E+00 C
  2.37111973029321597E+01  2.00001184597427084E+01  8.32006536072768554E+00 C
  2.94901639501103485E-01  2.00612119416694696E+01  1.10950471454328508E+01 C
  4.94211847187357112E+00  2.01824648495871593E+01  1.11903415616156696E+01 C
  9.64440497307423605E+00  2.08000696561463094E+01  1.14620323577244196E+01 C
  1.89682592541125814E+01  1.99816203395288490E+01  1.08725503279267706E+01 C
  2.36190269865862206E+01  2.00026265485239314E+01  1.10047070415860500E+01 C
  2.59196673671126687E+00  2.01149564973007386E+01  1.24908366996400506E+01 C
  7.16146308993403657E+00  2.02528932057892099E+01  1.26379235881755303E+01 C
  1.64337541423487217E+01  1.99759563943489695E+01  1.17643679493156608E+01 C
  2.12448174850494382E+01  1.99886190920095714E+01  1.22968152689719705E+01 C
  2.59193680331121712E+01  2.00285015543686811E+01  1.23970523487711706E+01 C
  2.54048603524597016E+00  2.00913417553698892E+01  1.51805478806412193E+01 C
  7.11045446300976458E+00  2.01052194815092591E+01  1.52608531144721500E+01 C
  1.16375384403823308E+01  1.99225914458229809E+01  1.50140616544262695E+01 C
  1.63408403960757589E+01  1.99721839728695301E+01  1.45900159466653303E+01 C
  2.11612479609290993E+01  1.99864408388532198E+01  1.49707063369352706E+01 C
  2.58655665364860212E+01  2.00225297782017009E+01  1.50922590480464507E+01 C
  2.06613257224615099E-01  2.00364987994952095E+01  1.64839698717650691E+01 C
  4.83092449156479997E+00  2.00462440218560687E+01  1.65853352254975412E+01 C
  9.48660664558518540E+00  1.99494136033050289E+01  1.65136091268388192E+01 C
  1.40498956840822409E+01  1.99758219813548088E+01  1.61260255172012812E+01 C
  1.87294352240491691E+01  1.99806063907871199E+01  1.61373159747185895E+01 C
  2.35033257651847087E+01  1.99941552166430405E+01  1.63771851375724786E+01 C
  2.43442173490314301E-01  1.99863682055802592E+01  1.91783089438595411E+01 C
  4.90093276106679543E+00  1.99494447039993190E+01  1.92740721809684992E+01 C
  9.55471105951270161E+00  1.98768808446453384E+01  1.92084867232970709E+01 C
  1.41676380265366006E+01  1.99645532189328101E+01  1.89468395253746316E+01 C
  1.88004133504233906E+01  1.99788296116764386E+01  1.89114204828851094E+01 C
  2.35293406034607884E+01  1.99814858032240110E+01  1.90661919291178990E+01 C
  2.58392663739470896E+00  1.99514780091476212E+01  2.05813407130230104E+01 C
  7.25923050697177530E+00  1.99039322824017901E+01  2.06086443715629493E+01 C
  1.19207126351974004E+01  1.99085469528717702E+01  2.04557720085178794E+01 C
  1.65099330822895389E+01  1.99683697914714102E+01  2.03224657597541594E+01 C
  2.11623258238986089E+01  1.99771849354683901E+01  2.03328613795978193E+01 C
  2.58801455911200087E+01  1.99711309350146600E+01  2.04625867876637884E+01 C
  2.64984480716572213E+00  1.99303736006118086E+01  2.32769063946695915E+01 C
  7.33369384219417864E+00  1.99090831587786603E+01  2.33177183895327396E+01 C
  1.19724632727742897E+01  1.99173686968089605E+01  2.32072272656692107E+01 C
  1.65778223562192011E+01  1.99584376315919982E+01  2.30764099978237489E+01 C
  2.12343103832796807E+01  1.99752752025674809E+01  2.30590080762012093E+01 C
  2.59379925938389597E+01  1.99580531395289107E+01  2.31585386736932008E+01 C
  9.74856346673873198E+00  2.33047806998430893E+01  1.18098774877006303E+01 N {IGSpin: 1}
