# BigDFT file - NEB generated
 0.27976199999999999E+02 0.00000000000000000E+00 0.00000000000000000E+00
 0.00000000000000000E+00 0.00000000000000000E+00 0.24228600000000000E+02
#keyword: atomicd0
#keyword: surface
#metaData: properties=  {format: ascii, source: posinp1.ascii}
  3.02227834796915507E-01  1.99133263883657108E+01  3.31714988809650113E-01 C
  5.01877936275224190E+00  1.98811792089041006E+01  4.53324749283992023E-01 C
  9.69799835050678816E+00  1.98826206224669200E+01  4.53337702825185818E-01 C
  1.42840046392510107E+01  1.99289435241249606E+01  2.97676511352193474E-01 C
  1.89034674238610414E+01  1.99720516115819997E+01  1.69516867756346612E-01 C
  2.35813212540286017E+01  1.99609631181127014E+01  1.93284222986875392E-01 C
  3.64096757747838506E-01  1.99356390637077787E+01  3.02755159170388799E+00 C
  5.09418445607960990E+00  1.99082129131925285E+01  3.17291386829098920E+00 C
  9.78657672168748149E+00  1.98910796062116795E+01  3.23167967009008406E+00 C
  1.43449266885062894E+01  1.99294942170928095E+01  3.06302322270249183E+00 C
  1.89798898274603793E+01  1.99748998339333390E+01  2.89517517458629214E+00 C
  2.36555831775114704E+01  1.99734787092524684E+01  2.88885867953867814E+00 C
  2.71923140512814498E+00  1.99426357738381483E+01  4.42752819848780899E+00 C
  7.46827651909027690E+00  1.99181560353661915E+01  4.60239261319164594E+00 C
  1.21442694785914593E+01  1.99053591042793592E+01  4.63007217042791019E+00 C
  1.66960187735062888E+01  1.99580185760608408E+01  4.32815439246885969E+00 C
  2.13455517661621386E+01  1.99824870995902408E+01  4.20116834920951732E+00 C
  2.59980730839040710E+01  1.99703804014433395E+01  4.30065159214908110E+00 C
  2.74185059574739620E+00  2.00182604356499816E+01  7.11684250026233389E+00 C
  7.55395094182640481E+00  2.00147668016863491E+01  7.35629700543458931E+00 C
  1.22994278324450104E+01  1.99314403959626105E+01  7.52753940730583970E+00 C
  1.67889372860215893E+01  1.99570430325723684E+01  7.03279958102022196E+00 C
  2.14217666442075902E+01  1.99827400482683508E+01  6.88931693848343407E+00 C
  2.60323943961812887E+01  1.99932891426951791E+01  6.99704567672684075E+00 C
  3.72634161744430426E-01  2.00224868583389011E+01  8.39546729018986149E+00 C
  5.07685852474648236E+00  2.01192490611047887E+01  8.53237780014903535E+00 C
  9.93888572889591515E+00  2.00181803140137689E+01  8.83240545930985732E+00 C
  1.47914077836170499E+01  1.99521934021477314E+01  8.81770874420901940E+00 C
  1.91680720597266188E+01  1.99747825617879506E+01  8.20051184998640714E+00 C
  2.37076877591156610E+01  1.99889337623345398E+01  8.30346217988963176E+00 C
  2.90598705740308105E-01  2.00397895937108004E+01  1.10848322252590599E+01 C
  4.93011694640240616E+00  2.02998864056412494E+01  1.11699570015207907E+01 C
  9.90883394241638094E+00  2.05874961210266392E+01  1.17317536561836100E+01 C
  1.89678084320995914E+01  1.99754918079730395E+01  1.08442051835148501E+01 C
  2.36102369990640604E+01  1.99882477309766813E+01  1.09887329740554502E+01 C
  2.59543465747700486E+00  2.01499688912345292E+01  1.24766779952760398E+01 C
  7.20293866076582656E+00  2.07606209714303311E+01  1.26511575969905401E+01 C
  1.64186265514179190E+01  1.99693828329070016E+01  1.17062938446314302E+01 C
  2.12344871175320904E+01  1.99788686417022099E+01  1.22773313763569298E+01 C
  2.59122817156465999E+01  2.00063356574047617E+01  1.23877054805080107E+01 C
  2.51902321324530787E+00  2.01309989452322284E+01  1.51787363782160192E+01 C
  7.07663932686398489E+00  2.02932135376943101E+01  1.53254703936936103E+01 C
  1.15115243034230197E+01  2.00113272277788816E+01  1.48066815163712899E+01 C
  1.62897819673828792E+01  1.99671496456783402E+01  1.45168780500967802E+01 C
  2.11322301743136691E+01  1.99743845122633488E+01  1.49487695265675100E+01 C
  2.58476697883728193E+01  2.00028898611020693E+01  1.50780313633163399E+01 C
  2.01240805245891607E-01  2.00250566242130787E+01  1.64737042673892589E+01 C
  4.82052677506771232E+00  2.01160297712160485E+01  1.66062909245698016E+01 C
  9.43590869755957584E+00  2.00624516047074692E+01  1.64958126631024307E+01 C
  1.39465334384014898E+01  1.99778312508173599E+01  1.59877362634481504E+01 C
  1.86859350349477289E+01  1.99716102991768594E+01  1.60981293784535815E+01 C
  2.34810539422174216E+01  1.99770503829134398E+01  1.63613021837102011E+01 C
  2.34788461779000812E-01  1.99591436675958995E+01  1.91808282178163090E+01 C
  4.89382211616204010E+00  1.99479794611480408E+01  1.92933104777072302E+01 C
  9.53439376112332759E+00  1.99433082521450196E+01  1.91912340807615607E+01 C
  1.41072709784244008E+01  1.99615500964009485E+01  1.88733689203677102E+01 C
  1.87621664131656907E+01  1.99745720668867790E+01  1.88740177652167205E+01 C
  2.35054298055647806E+01  1.99657866551872409E+01  1.90502380256740196E+01 C
  2.57499478910945312E+00  1.99161578455737711E+01  2.05958204960512106E+01 C
  7.25245341974429714E+00  1.99147555127105207E+01  2.06132728276564592E+01 C
  1.18981578388921907E+01  1.99185385234793912E+01  2.04334689897308692E+01 C
  1.64581415093181107E+01  1.99682270993903188E+01  2.02692200642497795E+01 C
  2.11321953399937890E+01  1.99702430671672708E+01  2.03058165360909513E+01 C
  2.58692556902170914E+01  1.99467273540053789E+01  2.04541506322698794E+01 C
  2.64790105083925997E+00  1.98896780418540615E+01  2.32911540733305387E+01 C
  7.33340277620361114E+00  1.98799256563127891E+01  2.33317697543174702E+01 C
  1.19583346592969395E+01  1.98998098118750306E+01  2.32011174066330312E+01 C
  1.65446929095665105E+01  1.99584648126739914E+01  2.30442147077332606E+01 C
  2.12106281709632896E+01  1.99711185503182200E+01  2.30367333153554306E+01 C
  2.59295981332697814E+01  1.99350920984797284E+01  2.31501263139792108E+01 C
  8.84414320678534338E+00  2.30105474859084502E+01  1.20235522971027304E+01 N {IGSpin: 1}
