# BigDFT file - NEB generated
 0.27976199999999999E+02 0.00000000000000000E+00 0.00000000000000000E+00
 0.00000000000000000E+00 0.00000000000000000E+00 0.24228600000000000E+02
#keyword: atomicd0
#keyword: surface
#metaData: properties=  {format: ascii, source: posinp13.ascii}
  3.10236821356249082E-01  1.99456591647199808E+01  3.32496892008424805E-01 C
  5.01639104689840831E+00  1.99175485528114002E+01  4.36306664885770024E-01 C
  9.70355994261705135E+00  1.99070543382618510E+01  4.39461487262217176E-01 C
  1.43023334050039903E+01  1.99417945522220883E+01  3.00376555577822502E-01 C
  1.89267761037645990E+01  1.99729071983506294E+01  1.89316226588145703E-01 C
  2.35974273110157107E+01  1.99710398619775589E+01  2.09131855334843991E-01 C
  3.68712295285403224E-01  1.99636406942411888E+01  3.03019297918564101E+00 C
  5.08518390107430296E+00  1.99316635205794483E+01  3.14943687143924489E+00 C
  9.78590315417390144E+00  1.99114242572989895E+01  3.20730222344653804E+00 C
  1.43582375950832493E+01  1.99425051074286905E+01  3.05521465912859114E+00 C
  1.89943482375616810E+01  1.99756597287560815E+01  2.91116036288745184E+00 C
  2.36657926939519605E+01  1.99810491491380802E+01  2.90671356851828921E+00 C
  2.72112920756468890E+00  1.99680475255447192E+01  4.42160623931333507E+00 C
  7.45605088100259294E+00  1.99288558932034299E+01  4.55783856452117586E+00 C
  1.21473140384945193E+01  1.99234557609846803E+01  4.60050477236732736E+00 C
  1.67045654948963787E+01  1.99616291029468300E+01  4.33213616475552321E+00 C
  2.13560645233437292E+01  1.99839755503337493E+01  4.22093783660585586E+00 C
  2.60059675042750413E+01  1.99870243934459388E+01  4.31268922079012107E+00 C
  2.74681421172821683E+00  2.00338395907607207E+01  7.11503084262510388E+00 C
  7.53245931603166685E+00  2.00065706870902105E+01  7.29640071657075140E+00 C
  1.22904473637352893E+01  1.99511024348029409E+01  7.47756165812637974E+00 C
  1.67891112578711486E+01  1.99590848265221688E+01  7.04078851109433490E+00 C
  2.14250136270076013E+01  1.99865995415250985E+01  6.90974103431180087E+00 C
  2.60389691309727205E+01  2.00093244355457394E+01  7.01003681093381026E+00 C
  3.80816626300421623E-01  2.00410484723283986E+01  8.40251218977464731E+00 C
  5.07898501839803185E+00  2.01035863284246297E+01  8.51477649199565256E+00 C
  9.90946838130887642E+00  2.00241883577774189E+01  8.72265424086848284E+00 C
  1.47750931011333009E+01  1.99614614373884187E+01  8.79764908172738203E+00 C
  1.91671866122154917E+01  1.99767643347816808E+01  8.21863388715243559E+00 C
  2.37144535684483415E+01  2.00002500429830405E+01  8.31777013560260947E+00 C
  3.05724600701582416E-01  2.00584246154392716E+01  1.10917080045504406E+01 C
  4.95714255701300477E+00  2.02511375598002594E+01  1.11698322607080307E+01 C
  9.83329145451646269E+00  2.06286801668303816E+01  1.15768865779921608E+01 C
  1.89742462646457000E+01  1.99819618003550801E+01  1.08666484004584607E+01 C
  2.36224483900553501E+01  2.00017651730411004E+01  1.10027107876162997E+01 C
  2.61352036056837278E+00  2.01371906158164009E+01  1.24799932057293592E+01 C
  7.23762165362113308E+00  2.05102653462788602E+01  1.26296390617934602E+01 C
  1.64427078310396411E+01  1.99749600361298896E+01  1.17590859072512401E+01 C
  2.12502210198817600E+01  1.99888846533834510E+01  1.22934654869193096E+01 C
  2.59270643112070616E+01  2.00257985760431012E+01  1.23957631141552795E+01 C
  2.54228434508564893E+00  2.01076614767891897E+01  1.51782815612391193E+01 C
  7.12050011693812124E+00  2.01645358262713188E+01  1.52922315345912807E+01 C
  1.16034956263965796E+01  1.99193802266093201E+01  1.49126258161170604E+01 C
  1.63325910229678293E+01  1.99694376939013303E+01  1.45709936769289499E+01 C
  2.11591777246578516E+01  1.99867083058268911E+01  1.49655014443221805E+01 C
  2.58672281856799913E+01  2.00224521313355410E+01  1.50857298580913106E+01 C
  2.18980762317157490E-01  2.00383262625977494E+01  1.64764284496296298E+01 C
  4.84543036569650365E+00  2.00596643315418497E+01  1.65890470664161391E+01 C
  9.47544136340862764E+00  1.99488967127325090E+01  1.65066867249097413E+01 C
  1.40153648109640105E+01  1.99673163399632614E+01  1.60753908994835299E+01 C
  1.87249599179765482E+01  1.99799178313165910E+01  1.61297686141815504E+01 C
  2.35050280814720587E+01  1.99945981603685503E+01  1.63725750590795514E+01 C
  2.47900392549681603E-01  1.99850913329329991E+01  1.91796705265447684E+01 C
  4.90697741313160041E+00  1.99425547914843797E+01  1.92796526678683406E+01 C
  9.55308867355751090E+00  1.98787655712285201E+01  1.92022813761932909E+01 C
  1.41521072408237405E+01  1.99630675782078910E+01  1.89220998438888692E+01 C
  1.87965225119420012E+01  1.99786395581867211E+01  1.89016179323410505E+01 C
  2.35279205184828584E+01  1.99821402907794798E+01  1.90618730541274388E+01 C
  2.58605739753213282E+00  1.99473826873590987E+01  2.05854558968035590E+01 C
  7.26232039428254605E+00  1.99020946080425993E+01  2.06084134251079796E+01 C
  1.19194565200178708E+01  1.99071684319318294E+01  2.04488928359343305E+01 C
  1.64976403100610511E+01  1.99692716073782286E+01  2.03045164263665114E+01 C
  2.11612616993393914E+01  1.99775348823318097E+01  2.03258364635985700E+01 C
  2.58850262673764107E+01  1.99709894577639098E+01  2.04608531917097594E+01 C
  2.65115342732377979E+00  1.99291734401783707E+01  2.32810428954542203E+01 C
  7.33643588267146285E+00  1.99079974114595402E+01  2.33221878200529105E+01 C
  1.19734010692203903E+01  1.99164992711964217E+01  2.32033740858899691E+01 C
  1.65727099134874507E+01  1.99593417449064212E+01  2.30661008109550316E+01 C
  2.12335270487467014E+01  1.99756169516862485E+01  2.30555594916066511E+01 C
  2.59407987663497899E+01  1.99579122651048699E+01  2.31569655754957715E+01 C
  9.28823033685499233E+00  2.31165489668778008E+01  1.19195353596144997E+01 N {IGSpin: 1}
