# BigDFT file - NEB generated
 0.27976199999999999E+02 0.00000000000000000E+00 0.00000000000000000E+00
 0.00000000000000000E+00 0.00000000000000000E+00 0.24228600000000000E+02
#keyword: atomicd0
#keyword: surface
#metaData: properties=  {format: ascii, source: posinp46.ascii}
  2.94467470442244306E-01  1.99728276672598000E+01  3.02488838151333816E-01 C
  4.98333355541452416E+00  1.99416893702865394E+01  3.83266439380088308E-01 C
  9.67823888201719740E+00  1.99367238750285800E+01  4.19210765881236125E-01 C
  1.42926703789438907E+01  1.99535367493210813E+01  3.22763961259471599E-01 C
  1.89292416050338197E+01  1.99769531253065615E+01  2.21208425877987613E-01 C
  2.35901517369064209E+01  1.99868932429392210E+01  2.12561904055725504E-01 C
  3.34871021671920621E-01  1.99822833883310906E+01  2.99778660352553583E+00 C
  5.02801402932828001E+00  1.99580353972311499E+01  3.08121445970580199E+00 C
  9.74081819311624031E+00  1.99637956979354705E+01  3.16929442591110622E+00 C
  1.43329045337259302E+01  1.99622324239921483E+01  3.05893459088121311E+00 C
  1.89804127327112901E+01  1.99805517980815388E+01  2.93062112561396004E+00 C
  2.36442736239693510E+01  1.99908525960723900E+01  2.90760117947551011E+00 C
  2.67380399749334607E+00  1.99838928163823404E+01  4.37476606894737419E+00 C
  7.37972285639380843E+00  1.99799449260944399E+01  4.46105860512760444E+00 C
  1.21033024402336000E+01  1.99871422102188490E+01  4.59065609103075722E+00 C
  1.66782437620478312E+01  1.99707034934858392E+01  4.34383529211067465E+00 C
  2.13354172818640713E+01  1.99880051986224210E+01  4.23457568215621816E+00 C
  2.59771524081723690E+01  1.99936681345465814E+01  4.29751511372585959E+00 C
  2.68668951832540914E+00  2.00101328837998196E+01  7.06703061675095512E+00 C
  7.41011379183044205E+00  2.00794373501939596E+01  7.16782798094053497E+00 C
  1.22160965411481595E+01  2.00795040251888111E+01  7.43730649697309776E+00 C
  1.67518456556704187E+01  1.99677792560901786E+01  7.04381529597966605E+00 C
  2.13907527223916816E+01  1.99840637549330289E+01  6.92103970301458826E+00 C
  2.59993183664501011E+01  2.00009074121743211E+01  6.99744411248843523E+00 C
  3.35221177759023214E-01  2.00065556401499514E+01  8.37870339910769246E+00 C
  5.00988086121010756E+00  2.00534982954189189E+01  8.44258743824045865E+00 C
  9.73348701133270922E+00  2.02230357364597495E+01  8.57955241716845585E+00 C
  1.47206635546308906E+01  2.00261633429126604E+01  8.79846659741992454E+00 C
  1.91287346481872902E+01  1.99677615718446084E+01  8.23115570618019454E+00 C
  2.36811170160286117E+01  1.99977151938791096E+01  8.31747709850115235E+00 C
  2.72936422687511782E-01  2.00072611502408790E+01  1.10725989967278000E+01 C
  4.90885140720328561E+00  2.00475025967203990E+01  1.11304106234180100E+01 C
  9.54042451339009290E+00  2.04282826440651988E+01  1.12899035490371809E+01 C
  1.89482510739722407E+01  1.99790343520540112E+01  1.08907453523166300E+01 C
  2.36002136019655993E+01  2.00006412784979801E+01  1.10051408703780105E+01 C
  2.57502189108078383E+00  2.00049058640696700E+01  1.24514694446731600E+01 C
  7.17798557381999913E+00  2.01625846618407394E+01  1.25287312770444004E+01 C
  1.64208274520366899E+01  2.00308754903207706E+01  1.17859834825177305E+01 C
  2.12344048293554089E+01  1.99893077516330813E+01  1.23081234402975301E+01 C
  2.59049300904222797E+01  2.00080827658397311E+01  1.23889283829322405E+01 C
  2.55192031509493500E+00  1.99989407662111809E+01  1.51480566444164708E+01 C
  7.16354743993641474E+00  2.00980555802175509E+01  1.52039990429433605E+01 C
  1.17148419802081900E+01  2.03999755387463217E+01  1.50968008866721206E+01 C
  1.63534354023356698E+01  2.00757344052514703E+01  1.46655860060379393E+01 C
  2.11705990186385904E+01  1.99887309778460285E+01  1.49864937525248791E+01 C
  2.58686073166628709E+01  2.00020601584285309E+01  1.50824069998868708E+01 C
  2.17389313581921706E-01  1.99969822032310489E+01  1.64611454571327798E+01 C
  4.85602021947241624E+00  1.99991435931303414E+01  1.65379021531024186E+01 C
  9.47539742510360306E+00  2.01232023460997596E+01  1.65386850281469400E+01 C
  1.41462047746479396E+01  2.01862540604676113E+01  1.62803587375983412E+01 C
  1.87513304112093202E+01  2.00055378140254305E+01  1.61793231458996907E+01 C
  2.35106734320516289E+01  1.99914903345033217E+01  1.63803304817137487E+01 C
  2.48219416508626611E-01  1.99872642719777893E+01  1.91542042107378698E+01 C
  4.91052566824294967E+00  1.99572345116614400E+01  1.92277449919936991E+01 C
  9.55464165362646867E+00  1.99726744019503606E+01  1.92150264214454189E+01 C
  1.42095402098659704E+01  2.00342885355308304E+01  1.90132639690433791E+01 C
  1.88200231903680191E+01  1.99918737458461706E+01  1.89472666088377615E+01 C
  2.35359986280314502E+01  1.99893240089526891E+01  1.90698312835040511E+01 C
  2.58258235943013892E+00  1.99648512780991609E+01  2.05408821958639614E+01 C
  7.25591378606901927E+00  1.99296405474199894E+01  2.05886896934039001E+01 C
  1.19220000703558409E+01  1.99804782163193408E+01  2.04852538219744602E+01 C
  1.65392526775094701E+01  1.99779693065137600E+01  2.03789045026682096E+01 C
  2.11787340768418808E+01  1.99860306229774487E+01  2.03526138936122614E+01 C
  2.58839920694351413E+01  1.99875953739494499E+01  2.04530386270348892E+01 C
  2.63212092168948919E+00  1.99570516519817787E+01  2.32336860532109810E+01 C
  7.31707224413005886E+00  1.99268744617340090E+01  2.32942220791015586E+01 C
  1.19642321474073299E+01  1.99469434465369702E+01  2.32099309915637804E+01 C
  1.65830495127697404E+01  1.99609775735120998E+01  2.31126819247898396E+01 C
  2.12364297151063290E+01  1.99846965092223208E+01  2.30727611187483106E+01 C
  2.59299850528904194E+01  1.99822139373458114E+01  2.31436382491569113E+01 C
  1.16630310210775203E+01  2.07441263480512710E+01  1.26006337610506893E+01 N {IGSpin: 1}
