# BigDFT file - NEB generated
 0.27976199999999999E+02 0.00000000000000000E+00 0.00000000000000000E+00
 0.00000000000000000E+00 0.00000000000000000E+00 0.24228600000000000E+02
#keyword: atomicd0
#keyword: surface
#metaData: properties=  {format: ascii, source: posinp40.ascii}
  2.94532724052313399E-01  1.99487227612308509E+01  3.10225902908843998E-01 C
  4.98326582336374457E+00  1.99089657590196083E+01  3.81846893513303087E-01 C
  9.68106188698703107E+00  1.99005961865601400E+01  4.20650530013810475E-01 C
  1.42936628744801997E+01  1.99287144194925503E+01  3.25637257043365824E-01 C
  1.89282832867639996E+01  1.99698408710390183E+01  2.27691047031905403E-01 C
  2.35916545338466115E+01  1.99727638982023805E+01  2.22443264197441787E-01 C
  3.34989013729479423E-01  1.99672262076027600E+01  3.00497109125275985E+00 C
  5.02413800975182756E+00  1.99112326361545691E+01  3.08014901859328205E+00 C
  9.74083276734049441E+00  1.99068594769068703E+01  3.16709371609926515E+00 C
  1.43328795211750997E+01  1.99248915454125388E+01  3.06744845014795908E+00 C
  1.89780681200565411E+01  1.99724350871359988E+01  2.94333803893667012E+00 C
  2.36461474331847192E+01  1.99820386064859008E+01  2.91842879408945199E+00 C
  2.67517092090458419E+00  1.99672181901950516E+01  4.38069275455437168E+00 C
  7.37295989326803625E+00  1.99055214971224395E+01  4.45442418662294326E+00 C
  1.20975495084650593E+01  1.99298952353097896E+01  4.58665496054161093E+00 C
  1.66747768636377209E+01  1.99547360871962312E+01  4.35645862301350206E+00 C
  2.13335099290002113E+01  1.99818855002449709E+01  4.24572249920757994E+00 C
  2.59784268390751407E+01  1.99892826510409094E+01  4.30656966505014971E+00 C
  2.68485754028491996E+00  2.00229575816961614E+01  7.07246612271333674E+00 C
  7.38677210073583268E+00  2.00431884524344390E+01  7.15102178126622778E+00 C
  1.21926616237828291E+01  2.00809597843163594E+01  7.44051849027733070E+00 C
  1.67328996977425888E+01  1.99557644968833792E+01  7.06298806870917772E+00 C
  2.13827782315245187E+01  1.99828634917379091E+01  6.93326456713720418E+00 C
  2.59997915832506195E+01  2.00070917050575012E+01  7.00818437686787021E+00 C
  3.31654974959363080E-01  2.00253562343098785E+01  8.38840821152273008E+00 C
  4.99825729802167995E+00  2.00702379096446784E+01  8.43850806131372089E+00 C
  9.69734677910545173E+00  2.03418222736388898E+01  8.55522284910086661E+00 C
  1.46762210890725804E+01  2.00128334439825011E+01  8.78276184433417306E+00 C
  1.91161809588301601E+01  1.99697132664330290E+01  8.24426894868976134E+00 C
  2.36786993462102089E+01  2.00003308249090388E+01  8.32799078697654060E+00 C
  2.67798735020157497E-01  2.00307516164526405E+01  1.10807103027550191E+01 C
  4.90163035108882195E+00  2.00680977844324389E+01  1.11324780837618693E+01 C
  9.41817917188805964E+00  2.09628012965464805E+01  1.12085696148513208E+01 C
  1.89383673645116488E+01  1.99816942411611898E+01  1.09026346240164607E+01 C
  2.35971996618822502E+01  2.00053108578145995E+01  1.10123722149948300E+01 C
  2.56963205582755494E+00  2.00315000787422690E+01  1.24622820133236498E+01 C
  7.15729870053176231E+00  2.02408261774697316E+01  1.25205486273212099E+01 C
  1.64316877184098296E+01  2.00163685293837510E+01  1.18328200250328504E+01 C
  2.12298464333429493E+01  1.99897867168417704E+01  1.23153890532985297E+01 C
  2.59019824325285093E+01  2.00228027834975215E+01  1.23964526169190208E+01 C
  2.54607113205232505E+00  2.00298060936433693E+01  1.51525922937588504E+01 C
  7.14462616536486639E+00  2.01197298468029011E+01  1.51933439974921605E+01 C
  1.16607420215525099E+01  2.06148693690096891E+01  1.50534527563749894E+01 C
  1.63526624028744010E+01  2.00408306505344385E+01  1.46583784714824699E+01 C
  2.11661608199121112E+01  1.99860029015410490E+01  1.49904294346781199E+01 C
  2.58655769543539513E+01  2.00149562792095885E+01  1.50898754712923093E+01 C
  2.13675133750155011E-01  2.00155494183396812E+01  1.64690759176603905E+01 C
  4.85873144828076597E+00  2.00037244131698415E+01  1.65350487487536917E+01 C
  9.48708253421684056E+00  2.00739216172181614E+01  1.65033984635410604E+01 C
  1.40893341647704595E+01  2.01489261371369004E+01  1.62102419917795686E+01 C
  1.87496012867418216E+01  1.99854472217276395E+01  1.61827836276057404E+01 C
  2.35100061441459083E+01  1.99941519241940817E+01  1.63878910167748018E+01 C
  2.44445636687397910E-01  1.99846433649335289E+01  1.91605828291012514E+01 C
  4.91135197352661290E+00  1.99340945277994201E+01  1.92323258104426493E+01 C
  9.56271233199301740E+00  1.98631705912414986E+01  1.92006217595814483E+01 C
  1.41888335707554596E+01  1.99558043753735390E+01  1.89976638362347607E+01 C
  1.88178170757131404E+01  1.99808048439534716E+01  1.89505207152639592E+01 C
  2.35346048749684904E+01  1.99840773320141416E+01  1.90752011673413087E+01 C
  2.58531336530902500E+00  1.99494242532707808E+01  2.05454723403665902E+01 C
  7.25880516797338782E+00  1.98804456874935198E+01  2.05845415072104316E+01 C
  1.19215965170897107E+01  1.99134771725210697E+01  2.04810314832317708E+01 C
  1.65297316552887210E+01  1.99510894624812103E+01  2.03698870398091287E+01 C
  2.11745956926284293E+01  1.99800270098760109E+01  2.03588484231285598E+01 C
  2.58830813239086091E+01  1.99754870868077603E+01  2.04595124405057902E+01 C
  2.63317080722403496E+00  1.99311737613153106E+01  2.32375181781755202E+01 C
  7.31836776147603985E+00  1.98966566799826907E+01  2.32934907130325186E+01 C
  1.19671678059987396E+01  1.99153549989108605E+01  2.32151418612163312E+01 C
  1.65827093885751182E+01  1.99489304043161297E+01  2.31137732773606395E+01 C
  2.12351530686109697E+01  1.99754660613643686E+01  2.30811644318510290E+01 C
  2.59299454213932492E+01  1.99622914076987499E+01  2.31525622877355417E+01 C
  1.12299375415348006E+01  2.21461907672387710E+01  1.25375186960880391E+01 N {IGSpin: 1}
