# BigDFT file - NEB generated
 0.27976199999999999E+02 0.00000000000000000E+00 0.00000000000000000E+00
 0.00000000000000000E+00 0.00000000000000000E+00 0.24228600000000000E+02
#keyword: atomicd0
#keyword: surface
#metaData: properties=  {format: ascii, source: posinp34.ascii}
  2.96791180560269985E-01  1.99482313355176295E+01  3.13914643082104428E-01 C
  4.98570430701568856E+00  1.99108988863094609E+01  3.88150163820588590E-01 C
  9.68609845128270841E+00  1.99036080244216400E+01  4.25213066187540512E-01 C
  1.42982990492268804E+01  1.99325158552958115E+01  3.25973565855712522E-01 C
  1.89341024418724793E+01  1.99701796926397392E+01  2.28963144159789411E-01 C
  2.35966545726232084E+01  1.99723004739027985E+01  2.22632433868641011E-01 C
  3.40037192749293005E-01  1.99662217638776411E+01  3.00985841377935115E+00 C
  5.03023657932138768E+00  1.99130282088992914E+01  3.08917725482170402E+00 C
  9.74818098854243864E+00  1.99031760177906101E+01  3.17047278012896605E+00 C
  1.43394437979332299E+01  1.99264362144470404E+01  3.06664925901646779E+00 C
  1.89825853277060901E+01  1.99723984997493282E+01  2.94634175153527522E+00 C
  2.36522507477808617E+01  1.99819414499384287E+01  2.92057331266097409E+00 C
  2.68407528389385019E+00  1.99667881090823798E+01  4.38645958943789793E+00 C
  7.38056634801182110E+00  1.99010399594489193E+01  4.45854640922423417E+00 C
  1.21067869328651998E+01  1.99192605764260087E+01  4.57988958777663235E+00 C
  1.66821368653928914E+01  1.99558854594247101E+01  4.35366220293164741E+00 C
  2.13382512756710696E+01  1.99818893624886407E+01  4.24642592770984528E+00 C
  2.59830727066105993E+01  1.99891855359097015E+01  4.30742690527501182E+00 C
  2.69854575376360195E+00  2.00295008755749606E+01  7.08115019489545361E+00 C
  7.39803201285163858E+00  2.00089722991109014E+01  7.15361990789502133E+00 C
  1.22052637910551098E+01  2.00394840894747901E+01  7.43318586400909176E+00 C
  1.67406613827628803E+01  1.99582302799816809E+01  7.06408652187259722E+00 C
  2.13890182119188488E+01  1.99834713649940596E+01  6.93393748104344443E+00 C
  2.60075099485578285E+01  2.00081815292028402E+01  7.01238870005819059E+00 C
  3.37589411117659777E-01  2.00299415297685499E+01  8.39204026784286405E+00 C
  5.00847001350495180E+00  2.00787308478373916E+01  8.44349432407720002E+00 C
  9.72073260968330644E+00  2.02378444626974598E+01  8.53037200872144119E+00 C
  1.46836989980218604E+01  1.99985624026990294E+01  8.77757691764519166E+00 C
  1.91215158824194695E+01  1.99736079440227492E+01  8.24441561203846796E+00 C
  2.36853756621096991E+01  2.00001817506296113E+01  8.32896758525220449E+00 C
  2.69813437626429620E-01  2.00329039887568996E+01  1.10848605093745700E+01 C
  4.90777911619475304E+00  2.00928126813228189E+01  1.11469946568925593E+01 C
  9.38968155378399416E+00  2.10452423801203707E+01  1.11276557519293995E+01 C
  1.89411899887736297E+01  1.99870726130219403E+01  1.09030718600010399E+01 C
  2.36015762530508404E+01  2.00047657551903093E+01  1.10129477266099194E+01 C
  2.57114703273519796E+00  2.00427538695067398E+01  1.24710448303306194E+01 C
  7.14906040474639859E+00  2.02537831362840208E+01  1.25388940878581092E+01 C
  1.64375517556015787E+01  1.99987265212517791E+01  1.18434188343453499E+01 C
  2.12330693162640713E+01  1.99917335369404796E+01  1.23149826034297103E+01 C
  2.59047819617278599E+01  2.00222731667599909E+01  1.23967558140962701E+01 C
  2.54898793820342195E+00  2.00409310458044594E+01  1.51573010360324893E+01 C
  7.14768975716778598E+00  2.01112829719259985E+01  1.51947527451042301E+01 C
  1.17348713841543706E+01  2.01648336511879016E+01  1.52319396976712707E+01 C
  1.63794710459575015E+01  1.99967231415878892E+01  1.46617689826427107E+01 C
  2.11714059935609313E+01  1.99892888143331717E+01  1.49890622231766102E+01 C
  2.58684903124442016E+01  2.00166303564802597E+01  1.50923842152630492E+01 C
  2.14539431838126793E-01  2.00208623732824904E+01  1.64721519902799898E+01 C
  4.86583461279608898E+00  2.00049166340927194E+01  1.65367504284532600E+01 C
  9.49780852213310922E+00  2.00008351025193392E+01  1.65317402614441100E+01 C
  1.41324508233906307E+01  2.00224788767209816E+01  1.62505465070790009E+01 C
  1.87571706762257193E+01  1.99864011773397685E+01  1.61794386473806817E+01 C
  2.35146060745348890E+01  1.99954635222291515E+01  1.63878594760146186E+01 C
  2.43739546992472106E-01  1.99851398438233403E+01  1.91641325039234900E+01 C
  4.91236827258054021E+00  1.99352139249006086E+01  1.92405472874684200E+01 C
  9.55995303729990376E+00  1.98661565335239203E+01  1.92261578358829510E+01 C
  1.42085486144407493E+01  1.99567347398930508E+01  1.90380570037887011E+01 C
  1.88231920518801914E+01  1.99824149632200516E+01  1.89541336724809213E+01 C
  2.35383418111977498E+01  1.99834850188613906E+01  1.90755721948126293E+01 C
  2.58892526640451104E+00  1.99501228723932407E+01  2.05498234430259714E+01 C
  7.25454774291231796E+00  1.98970119121282103E+01  2.05977241019845216E+01 C
  1.19278184349204892E+01  1.99146465573711815E+01  2.04884056507317212E+01 C
  1.65455302883536710E+01  1.99659500898158484E+01  2.03851106710059007E+01 C
  2.11762356783135886E+01  1.99790558285358699E+01  2.03577187149451788E+01 C
  2.58845369539243002E+01  1.99742506083072406E+01  2.04590736945541103E+01 C
  2.63756421860503121E+00  1.99319478028030090E+01  2.32438880316040297E+01 C
  7.31774908063751095E+00  1.99067787594220498E+01  2.33021906014827707E+01 C
  1.19703679125666902E+01  1.99178509450572392E+01  2.32242222871672190E+01 C
  1.65917935047404903E+01  1.99552295158753203E+01  2.31220943407688111E+01 C
  2.12370670193280198E+01  1.99752542790694392E+01  2.30822413534832585E+01 C
  2.59321019527533991E+01  1.99611860652806214E+01  2.31568404070149008E+01 C
  1.07524576527672604E+01  2.28271381318382893E+01  1.21148389444253493E+01 N {IGSpin: 1}
