# BigDFT file - NEB generated
 0.27976199999999999E+02 0.00000000000000000E+00 0.00000000000000000E+00
 0.00000000000000000E+00 0.00000000000000000E+00 0.24228600000000000E+02
#keyword: atomicd0
#keyword: surface
#metaData: properties=  {format: ascii, source: posinp28.ascii}
  3.04209414336929107E-01  1.99468011072978406E+01  3.24291104640865024E-01 C
  4.99770238807929434E+00  1.99141783151547394E+01  4.08571567757488374E-01 C
  9.69610227632065858E+00  1.99068137917188288E+01  4.30916009073162021E-01 C
  1.43027278402861899E+01  1.99375763333224008E+01  3.17945538639187508E-01 C
  1.89343191895621494E+01  1.99722527968733097E+01  2.15407071333028194E-01 C
  2.35988120800167103E+01  1.99713614952659917E+01  2.17358312412023497E-01 C
  3.56282582724237795E-01  1.99653639219176995E+01  3.01989290558987511E+00 C
  5.05354169701447731E+00  1.99207707047562508E+01  3.11320474207058107E+00 C
  9.76735205231132753E+00  1.99052694489425299E+01  3.18522950490602286E+00 C
  1.43503624544643706E+01  1.99318997611171014E+01  3.06104520897614085E+00 C
  1.89905124315165104E+01  1.99740623386010299E+01  2.93343783713161610E+00 C
  2.36615742867369505E+01  1.99814136689939517E+01  2.91584192069378911E+00 C
  2.70280123325152299E+00  1.99692424041283303E+01  4.40161819178147162E+00 C
  7.41271100113176740E+00  1.99074241418081108E+01  4.49257313401426472E+00 C
  1.21266028110480093E+01  1.99133001237992104E+01  4.58622489592714633E+00 C
  1.66950992893228403E+01  1.99584115741781787E+01  4.34604444402988044E+00 C
  2.13497397443115595E+01  1.99832111144005715E+01  4.23667010948651690E+00 C
  2.59949882391213798E+01  1.99883819812949284E+01  4.31036483046208563E+00 C
  2.72676743644097597E+00  2.00388152305662288E+01  7.09991318790231585E+00 C
  7.45410707250303517E+00  1.99979883823016209E+01  7.20153237888607833E+00 C
  1.22403398460297002E+01  1.99861304155996997E+01  7.45228113302636963E+00 C
  1.67636046733417388E+01  1.99589178228614195E+01  7.05649019381093190E+00 C
  2.14081987582925883E+01  1.99852590430560113E+01  6.92402824081000734E+00 C
  2.60251777260059711E+01  2.00097133537497101E+01  7.01411233661030664E+00 C
  3.56810789905764814E-01  2.00392547516431883E+01  8.40013728218995581E+00 C
  5.03831880479901795E+00  2.00980549164038003E+01  8.47046899285873778E+00 C
  9.80056784272614756E+00  2.01218526264333093E+01  8.57816892115250162E+00 C
  1.47326392279201208E+01  1.99742889716569607E+01  8.79852006232142259E+00 C
  1.91451466846823202E+01  1.99750463890857404E+01  8.23351498819686078E+00 C
  2.37004503009345804E+01  2.00002818860419005E+01  8.32508976447505766E+00 C
  2.80297491917083974E-01  2.00489120578878897E+01  1.10914179321521402E+01 C
  4.91667961708706169E+00  2.01310503394526812E+01  1.11737248347488602E+01 C
  9.42538905305524644E+00  2.10408210015883590E+01  1.12049032194623095E+01 C
  1.89560607683534883E+01  1.99834239993375995E+01  1.08878479812121807E+01 C
  2.36107249569149396E+01  2.00042744827704411E+01  1.10094748882975502E+01 C
  2.57613768304086488E+00  2.00743375817681908E+01  1.24845059443766999E+01 C
  7.14144810155694731E+00  2.02312362627624012E+01  1.25931133684123502E+01 C
  1.64334658250906500E+01  1.99804163503216010E+01  1.18021609975635808E+01 C
  2.12395723040137305E+01  1.99904942428086017E+01  1.23063124469147400E+01 C
  2.59108227744108106E+01  2.00270382512473510E+01  1.23984609236896706E+01 C
  2.54631133180638702E+00  2.00651285989366599E+01  1.51729012725928705E+01 C
  7.13938790618890540E+00  2.00735458148285701E+01  1.52218467818316796E+01 C
  1.17293631771702902E+01  1.98921480743973405E+01  1.52111963518969695E+01 C
  1.63691682136999610E+01  1.99743658168318490E+01  1.46309024535240795E+01 C
  2.11695903338431108E+01  1.99888640380147891E+01  1.49802108627249204E+01 C
  2.58677405876198989E+01  2.00212442302405584E+01  1.50942959409774904E+01 C
  2.09725843636317688E-01  2.00313209600405706E+01  1.64816721256814311E+01 C
  4.84945912413843772E+00  2.00169996349491086E+01  1.65617043983703986E+01 C
  9.49772877395215431E+00  1.99426765542619400E+01  1.65335392973795692E+01 C
  1.41198975952302401E+01  1.99607989667204002E+01  1.62248681975349918E+01 C
  1.87474164522343116E+01  1.99823755484055496E+01  1.61588575914564210E+01 C
  2.35099273277993710E+01  1.99953931926831210E+01  1.63833699316605994E+01 C
  2.43971357459115912E-01  1.99866820223457111E+01  1.91726637402271898E+01 C
  4.90737503618085658E+00  1.99470043061412809E+01  1.92579280067976910E+01 C
  9.55859307197678731E+00  1.98936981880461587E+01  1.92255837152417008E+01 C
  1.42010188731300193E+01  1.99594464923042487E+01  1.90131933299864500E+01 C
  1.88153507094180696E+01  1.99793364278205985E+01  1.89351389588182890E+01 C
  2.35351953542899608E+01  1.99820539947580613E+01  1.90719895990751986E+01 C
  2.58633048770841079E+00  1.99532396948366113E+01  2.05661810662456013E+01 C
  7.25727049928333567E+00  1.99109415800684708E+01  2.06083237056662583E+01 C
  1.19275926905265504E+01  1.99138053014751613E+01  2.04786619235903302E+01 C
  1.65366789536680301E+01  1.99694233778834089E+01  2.03644021710136691E+01 C
  2.11714055640198602E+01  1.99775361680940300E+01  2.03462883563366894E+01 C
  2.58817430343015289E+01  1.99722324522853896E+01  2.04624885267315193E+01 C
  2.64418955199848016E+00  1.99322414396558614E+01  2.32614677506418097E+01 C
  7.32689029063744268E+00  1.99078889119942808E+01  2.33115314793113200E+01 C
  1.19727996445575808E+01  1.99175805364691705E+01  2.32188128720993809E+01 C
  1.65896728304528409E+01  1.99601883837751792E+01  2.31043217033169306E+01 C
  2.12382087261533385E+01  1.99753441437534107E+01  2.30711514734245817E+01 C
  2.59358937663467088E+01  1.99591404933428684E+01  2.31585170217205203E+01 C
  1.01443800589280695E+01  2.32653352414399492E+01  1.18336936056383504E+01 N {IGSpin: 1}
