# BigDFT file - NEB generated
 0.27976199999999999E+02 0.00000000000000000E+00 0.00000000000000000E+00
 0.00000000000000000E+00 0.00000000000000000E+00 0.24228600000000000E+02
#keyword: atomicd0
#keyword: surface
#metaData: properties=  {format: ascii, source: posinp10.ascii}
  3.10816682332655914E-01  1.99457845073828111E+01  3.32282758305113779E-01 C
  5.01816802370777193E+00  1.99175171428190403E+01  4.38140303800090003E-01 C
  9.70388183961980566E+00  1.99064135982536392E+01  4.40845877028598288E-01 C
  1.43022676731791503E+01  1.99420011641850614E+01  2.99882503399959477E-01 C
  1.89270501051646995E+01  1.99733293043889617E+01  1.88164046446249011E-01 C
  2.35976560200827095E+01  1.99710684505328118E+01  2.08726722774475987E-01 C
  3.69257429397366999E-01  1.99631229198446896E+01  3.03024698509869017E+00 C
  5.08767441873059312E+00  1.99324556140106814E+01  3.15151292697875185E+00 C
  9.78689961757729066E+00  1.99112767894223808E+01  3.20810075782839599E+00 C
  1.43587894014639694E+01  1.99430497772577411E+01  3.05516338288014699E+00 C
  1.89952619191070013E+01  1.99758613425499014E+01  2.91011292585710901E+00 C
  2.36661657516737698E+01  1.99811087063916304E+01  2.90547306701241803E+00 C
  2.72158327806744982E+00  1.99672448346340516E+01  4.42278024765741495E+00 C
  7.45917321718664539E+00  1.99294410212536093E+01  4.56253520128009082E+00 C
  1.21490253518305007E+01  1.99238530215559209E+01  4.60099511992194721E+00 C
  1.67054032762843505E+01  1.99618890531112214E+01  4.33217782098403514E+00 C
  2.13565602882256016E+01  1.99840502443046013E+01  4.21986432591964711E+00 C
  2.60068682682350492E+01  1.99868813489291810E+01  4.31233264666350014E+00 C
  2.74737109738697294E+00  2.00324731536771203E+01  7.11481145543870941E+00 C
  7.53887870787743264E+00  2.00055707791166810E+01  7.30301501859142732E+00 C
  1.22949140695512593E+01  1.99467132304905093E+01  7.47786114944064195E+00 C
  1.67913477888995004E+01  1.99592896623801010E+01  7.03968926538522943E+00 C
  2.14262620827343788E+01  1.99866784550641796E+01  6.90866821965472599E+00 C
  2.60401807544329706E+01  2.00092384998563197E+01  7.00890464664624524E+00 C
  3.82080639104148023E-01  2.00402015795067214E+01  8.40146217753444269E+00 C
  5.08232009236936566E+00  2.01073528308874714E+01  8.51752554096469972E+00 C
  9.91925687411673707E+00  2.00128484157645516E+01  8.73366052969598350E+00 C
  1.47781186865675505E+01  1.99600691467779612E+01  8.79790107285109180E+00 C
  1.91692741736465315E+01  1.99769564793913297E+01  8.21770296784224641E+00 C
  2.37152319378559007E+01  2.00002340982038902E+01  8.31728610753284592E+00 C
  3.08608965660728984E-01  2.00567837917325207E+01  1.10907806500628698E+01 C
  4.96170110384279361E+00  2.02690879004121314E+01  1.11663205791843598E+01 C
  9.86679616932546644E+00  2.05986449877011104E+01  1.15942062560227406E+01 C
  1.89761906765886508E+01  1.99818946897285805E+01  1.08648674571413402E+01 C
  2.36237911011672104E+01  2.00016429257914012E+01  1.10016824233114399E+01 C
  2.61827446016252008E+00  2.01417893699491017E+01  1.24773328631903393E+01 C
  7.25024288245349258E+00  2.05931776337764312E+01  1.26294391008970699E+01 C
  1.64421568798768796E+01  1.99744059347833094E+01  1.17555204267638693E+01 C
  2.12510083644478307E+01  1.99891057916978916E+01  1.22925714275707492E+01 C
  2.59295524891971212E+01  2.00246193888272899E+01  1.23951389149444005E+01 C
  2.54475967477617893E+00  2.01120090576042116E+01  1.51764340135007103E+01 C
  7.12376354141778378E+00  2.01774964914834491E+01  1.52958372025330895E+01 C
  1.15974982326141998E+01  1.99156069359367507E+01  1.48966607890012792E+01 C
  1.63317231722314098E+01  1.99689015247867800E+01  1.45667928025097098E+01 C
  2.11593467711905916E+01  1.99869752604741215E+01  1.49648076084104602E+01 C
  2.58690580919943613E+01  2.00221834266378806E+01  1.50842698856289097E+01 C
  2.21761429120893194E-01  2.00385811770602906E+01  1.64746374550451797E+01 C
  4.85054168364013627E+00  2.00619965857487088E+01  1.65890570163610107E+01 C
  9.47472155773839653E+00  1.99487780995246595E+01  1.65048456815338191E+01 C
  1.40102760305042793E+01  1.99617637659774800E+01  1.60656486958217286E+01 C
  1.87243250274789510E+01  1.99798494502584312E+01  1.61284623594424517E+01 C
  2.35052892261296194E+01  1.99947448011408611E+01  1.63718312632613809E+01 C
  2.49488348027178508E-01  1.99843007990916810E+01  1.91792085465061817E+01 C
  4.90955518474939900E+00  1.99403044516332706E+01  1.92798799943947117E+01 C
  9.55386209060742075E+00  1.98820303050786897E+01  1.92012713860713085E+01 C
  1.41493825045505393E+01  1.99598367456081505E+01  1.89181228547557900E+01 C
  1.87963285877109385E+01  1.99783737917440511E+01  1.89000517985500593E+01 C
  2.35282467522553382E+01  1.99823928047060804E+01  1.90606253568740698E+01 C
  2.58743568283600478E+00  1.99456572844982887E+01  2.05857742351360216E+01 C
  7.26386558283022143E+00  1.99022362137690116E+01  2.06087878334783206E+01 C
  1.19195566257868997E+01  1.99069531836288895E+01  2.04482353714335794E+01 C
  1.64957780874932212E+01  1.99689360321308413E+01  2.03020793708994987E+01 C
  2.11609791426900706E+01  1.99776337617269206E+01  2.03246171528315998E+01 C
  2.58864734380657708E+01  1.99709490514099102E+01  2.04601658767099188E+01 C
  2.65212007800375815E+00  1.99290232411963295E+01  2.32812289398465602E+01 C
  7.33750711913739639E+00  1.99067726616296099E+01  2.33229459044146097E+01 C
  1.19737732758546898E+01  1.99160479931747290E+01  2.32034623861709406E+01 C
  1.65721063224178593E+01  1.99601242651972086E+01  2.30640324521517215E+01 C
  2.12335277220455403E+01  1.99756839435928697E+01  2.30547341606370004E+01 C
  2.59419384205869292E+01  1.99579860608970812E+01  2.31563087123394915E+01 C
  9.15867745696904301E+00  2.30552518489515208E+01  1.19478438322916194E+01 N {IGSpin: 1}
