# BigDFT file - NEB generated
 0.27976199999999999E+02 0.00000000000000000E+00 0.00000000000000000E+00
 0.00000000000000000E+00 0.00000000000000000E+00 0.24228600000000000E+02
#keyword: atomicd0
#keyword: surface
#metaData: properties=  {format: ascii, source: posinp49.ascii}
  3.09306700131600998E-01  1.99999997737670192E+01  2.97846062986827975E-01 C
  4.99708134822777605E+00  1.99999974054865106E+01  3.80720559676968717E-01 C
  9.69555113724883455E+00  1.99999953934083088E+01  4.25183236594377290E-01 C
  1.43096561890348308E+01  1.99999946625438696E+01  3.35023925921069499E-01 C
  1.89446971426752988E+01  1.99999941313120395E+01  2.31336167584267088E-01 C
  2.36049431982522897E+01  1.99999952656024007E+01  2.10486128751337986E-01 C
  3.50306090438378515E-01  1.99999952433858610E+01  2.99197340364651287E+00 C
  5.04162694567372593E+00  1.99999948844497695E+01  3.07660829289065507E+00 C
  9.75993193952875515E+00  2.00000011125208985E+01  3.17692966386083819E+00 C
  1.43511536311185797E+01  1.99999980267002506E+01  3.07057510786046794E+00 C
  1.89960428553765297E+01  1.99999914085836714E+01  2.94028216732527703E+00 C
  2.36614199618221299E+01  1.99999942457135909E+01  2.90488674423193283E+00 C
  2.68838136563276198E+00  1.99999925642490197E+01  4.36963380952987812E+00 C
  7.39423996463807143E+00  1.99999960427613992E+01  4.45790973714068439E+00 C
  1.21245544868093695E+01  2.00000073903403290E+01  4.60469765136944176E+00 C
  1.66954315149645716E+01  1.99999963382059818E+01  4.35786437546457339E+00 C
  2.13548325941245487E+01  1.99999907589680603E+01  4.23554910973245580E+00 C
  2.59934213253826805E+01  1.99999939922600483E+01  4.29328495384096787E+00 C
  2.70275623326146786E+00  1.99999923008584588E+01  7.06260825504871370E+00 C
  7.42696940463019040E+00  1.99999993993388507E+01  7.16297810233218435E+00 C
  1.22443286928358201E+01  2.00000292294402797E+01  7.45248138994100096E+00 C
  1.67745916026850708E+01  2.00000119526717413E+01  7.05472164894384424E+00 C
  2.14140225414215699E+01  1.99999855528442190E+01  6.91919310988769620E+00 C
  2.60176146378390492E+01  1.99999941243181496E+01  6.99314532407079614E+00 C
  3.52091415992571821E-01  1.99999949198444611E+01  8.37501675640844745E+00 C
  5.02638509704369696E+00  1.99999948697245387E+01  8.43871780023613738E+00 C
  9.75471150667851816E+00  2.00000193514639513E+01  8.57550333594991621E+00 C
  1.47591665248633994E+01  2.00000478621086195E+01  8.83858930831611644E+00 C
  1.91535628927490507E+01  1.99999901876297201E+01  8.23062188972557429E+00 C
  2.37011505789905605E+01  1.99999900607483596E+01  8.31550104755145725E+00 C
  2.87108262857451280E-01  1.99999946366284007E+01  1.10692422428938801E+01 C
  4.92304385585460302E+00  1.99999913605585213E+01  1.11271057178536505E+01 C
  9.56517042428362352E+00  2.00000398510630717E+01  1.12875163015973392E+01 C
  1.89624014060324804E+01  2.00000091358335901E+01  1.08861520711369302E+01 C
  2.36130955991822091E+01  1.99999900044173984E+01  1.10036963353575494E+01 C
  2.58967479679998114E+00  1.99999902717172091E+01  1.24477799049890407E+01 C
  7.19373021139675739E+00  1.99999975520117488E+01  1.25273466436854992E+01 C
  1.64158244663894699E+01  2.00000473826222382E+01  1.17497443197143596E+01 C
  2.12443703663850805E+01  1.99999948033575095E+01  1.23059528506086107E+01 C
  2.59179499331312009E+01  1.99999926749164807E+01  1.23864105830516191E+01 C
  2.56903170751907206E+00  1.99999910168445112E+01  1.51457887161032598E+01 C
  7.18341232711948674E+00  1.99999922781029404E+01  1.52032847639358497E+01 C
  1.17396023560181604E+01  2.00000313087974106E+01  1.51000112574251002E+01 C
  1.63658259539501891E+01  2.00000250949293310E+01  1.46542481951235093E+01 C
  2.11836354518941015E+01  1.99999967197089497E+01  1.49845209133112807E+01 C
  2.58828872996675905E+01  1.99999923626174017E+01  1.50803298029125195E+01 C
  2.33184738969100608E-01  1.99999925036602484E+01  1.64583994974154599E+01 C
  4.87332901497093562E+00  1.99999881947470790E+01  1.65366149483696496E+01 C
  9.49215842464893456E+00  1.99999832947539318E+01  1.65456493525488995E+01 C
  1.41718307769745202E+01  2.00000082970623083E+01  1.62867473601873805E+01 C
  1.87607821454604817E+01  2.00000042260063502E+01  1.61719665762610383E+01 C
  2.35239994957561400E+01  1.99999927078968902E+01  1.63789179784294205E+01 C
  2.63372927689623282E-01  1.99999948324445889E+01  1.91510718025288007E+01 C
  4.92760610307363400E+00  1.99999886233972504E+01  1.92269448908890688E+01 C
  9.57150517766488385E+00  1.99999759944332496E+01  1.92244363004840011E+01 C
  1.42315351570242807E+01  1.99999911210729415E+01  1.90231047763068410E+01 C
  1.88322103836400814E+01  1.99999962729267615E+01  1.89472377375244712E+01 C
  2.35493391117768986E+01  1.99999924919668501E+01  1.90697880500375909E+01 C
  2.59829209867072519E+00  1.99999944500695896E+01  2.05373376714618701E+01 C
  7.27206026446048437E+00  1.99999876382467789E+01  2.05937055203672408E+01 C
  1.19406211017734503E+01  1.99999868620772112E+01  2.04932522703162583E+01 C
  1.65582580992632984E+01  1.99999931911639983E+01  2.03897149033393390E+01 C
  2.11914845037138093E+01  1.99999933559799707E+01  2.03536903576028791E+01 C
  2.58979390969397301E+01  1.99999938326447300E+01  2.04504712261758606E+01 C
  2.64742111600475205E+00  1.99999984280429004E+01  2.32297923277696690E+01 C
  7.33346781077762166E+00  1.99999941328717483E+01  2.32975720555536014E+01 C
  1.19816110345215598E+01  1.99999932078714195E+01  2.32186534240037403E+01 C
  1.65999781820775993E+01  1.99999922880188201E+01  2.31250562730269600E+01 C
  2.12492319010269703E+01  1.99999961962800583E+01  2.30752627905814904E+01 C
  2.59440188214218708E+01  1.99999965488463189E+01  2.31401864030741393E+01 C
  1.17073060474192996E+01  2.00001164021407511E+01  1.25882179761677708E+01 N {IGSpin: 1}
