# BigDFT file - NEB generated
 0.27976199999999999E+02 0.00000000000000000E+00 0.00000000000000000E+00
 0.00000000000000000E+00 0.00000000000000000E+00 0.24228600000000000E+02
#keyword: atomicd0
#keyword: surface
#metaData: properties=  {format: ascii, source: posinp25.ascii}
  3.07763632969787593E-01  1.99460403967994111E+01  3.29624510493386924E-01 C
  5.00582876612001471E+00  1.99164923066678483E+01  4.20566357930952317E-01 C
  9.70061316884721947E+00  1.99077536837792195E+01  4.33647335795650013E-01 C
  1.43022341400928799E+01  1.99397622208254006E+01  3.10729980010761409E-01 C
  1.89302911358687886E+01  1.99723613887582800E+01  2.03347050213887298E-01 C
  2.35985117948833398E+01  1.99710556729814286E+01  2.13262274017116088E-01 C
  3.64362732422068125E-01  1.99647486384368698E+01  3.02525486903753515E+00 C
  5.06808803621556159E+00  1.99263722452109917E+01  3.12880772265302998E+00 C
  9.77677880191818183E+00  1.99083214771749191E+01  3.19499034788181691E+00 C
  1.43539710975646795E+01  1.99359858304982893E+01  3.05759083097748618E+00 C
  1.89925863786238800E+01  1.99749663315719417E+01  2.92339972043781504E+00 C
  2.36654227725764414E+01  1.99811269635170099E+01  2.91176016447066610E+00 C
  2.71350019367044082E+00  1.99702979839827286E+01  4.41058268665484565E+00 C
  7.43113148317776862E+00  1.99155840141227394E+01  4.51750659880006200E+00 C
  1.21363396151406100E+01  1.99155521275569107E+01  4.59286231471596640E+00 C
  1.67003321417454913E+01  1.99596730100322688E+01  4.34049373992312137E+00 C
  2.13539702824802688E+01  1.99836762487760318E+01  4.22925104853588696E+00 C
  2.60010737004928600E+01  1.99876510855110183E+01  4.31112445842904535E+00 C
  2.74189774852433787E+00  2.00412333570960683E+01  7.10925075952551211E+00 C
  7.48475224689949581E+00  1.99991205714379383E+01  7.23692388892462812E+00 C
  1.22603864352551906E+01  1.99699014170267404E+01  7.46705105233883337E+00 C
  1.67759146041933711E+01  1.99583378161969698E+01  7.05025764991542125E+00 C
  2.14178679009971411E+01  1.99858190671393317E+01  6.91667721310693295E+00 C
  2.60344164786482999E+01  2.00095961968459690E+01  7.01385818593769628E+00 C
  3.68185659169850521E-01  2.00424355666180389E+01  8.40333324807413184E+00 C
  5.05744149971991774E+00  2.01027452239696913E+01  8.48731071922577662E+00 C
  9.84148417085018679E+00  2.00816855184711791E+01  8.62630397675156857E+00 C
  1.47561603796132594E+01  1.99674593520947390E+01  8.80752591292134923E+00 C
  1.91568871343496099E+01  1.99755042636998787E+01  8.22556058985462712E+00 C
  2.37080728712466993E+01  2.00001567534627505E+01  8.32179847462741940E+00 C
  2.88984916570236783E-01  2.00580705587540109E+01  1.10943584594003504E+01 C
  4.92867377198355783E+00  2.01565920903268214E+01  1.11863027683523502E+01 C
  9.51524360687895054E+00  2.09284696458028883E+01  1.13181525733222994E+01 C
  1.89642924896023288E+01  1.99818440280969511E+01  1.08772151742036502E+01 C
  2.36162557738012993E+01  2.00033601125155194E+01  1.10064286233626802E+01 C
  2.58355081910583495E+00  2.00987063455864288E+01  1.24902103481747009E+01 C
  7.14606058428543278E+00  2.02245779903721505E+01  1.26233018260642904E+01 C
  1.64318693552215791E+01  1.99766688254578284E+01  1.17757719778406802E+01 C
  2.12430440123424518E+01  1.99891363375549709E+01  1.23001992529791409E+01 C
  2.59159257039615909E+01  2.00287540300347011E+01  1.23982787030278594E+01 C
  2.54236583986635400E+00  2.00814479436884596E+01  1.51792140329991092E+01 C
  7.12198347681713972E+00  2.00844337531934301E+01  1.52439568435226001E+01 C
  1.16846251436871000E+01  1.99080742499871093E+01  1.51244903811092595E+01 C
  1.63533267721937392E+01  1.99733538517410807E+01  1.46055790924640494E+01 C
  2.11651357871600112E+01  1.99871107833004693E+01  1.49742993039246901E+01 C
  2.58662985543764812E+01  2.00224228771540211E+01  1.50936830716103803E+01 C
  2.07004684100733499E-01  2.00353343352080593E+01  1.64846335388737906E+01 C
  4.83687964796414516E+00  2.00334984637703286E+01  1.65775404331224117E+01 C
  9.49047465000623980E+00  1.99445045669230403E+01  1.65244625489092485E+01 C
  1.40850064442459306E+01  1.99698758855063900E+01  1.61726832673159002E+01 C
  1.87365610717576416E+01  1.99812391871367083E+01  1.61451874849758994E+01 C
  2.35055508977845413E+01  1.99944517198531990E+01  1.63797022605013396E+01 C
  2.43693905696832414E-01  1.99868095494992204E+01  1.91767677808210593E+01 C
  4.90279465295658667E+00  1.99499223197334992E+01  1.92684224130194686E+01 C
  9.55552087256045191E+00  1.98826322346755511E+01  1.92177547853645692E+01 C
  1.41828507929639205E+01  1.99613516208373092E+01  1.89767998451063988E+01 C
  1.88061170455019813E+01  1.99787969046264102E+01  1.89202323244965598E+01 C
  2.35313884192721297E+01  1.99815487540821017E+01  1.90686364963461905E+01 C
  2.58454358403705786E+00  1.99530517481709104E+01  2.05761267008112014E+01 C
  7.25821808077444786E+00  1.99067869677498699E+01  2.06100560193533298E+01 C
  1.19233766500624103E+01  1.99101729515305088E+01  2.04656419318848712E+01 C
  1.65215393700332491E+01  1.99681383510722696E+01  2.03399850028298310E+01 C
  2.11657283965095111E+01  1.99771979753705295E+01  2.03376947155044085E+01 C
  2.58802734854276011E+01  1.99714568376417994E+01  2.04631604867571895E+01 C
  2.64800780976498418E+00  1.99314075113299189E+01  2.32715719946875801E+01 C
  7.33164108807228043E+00  1.99086079201978805E+01  2.33157256082694886E+01 C
  1.19724617979209000E+01  1.99176434217735583E+01  2.32118595908024297E+01 C
  1.65825906952773607E+01  1.99591672123466211E+01  2.30872246052626195E+01 C
  2.12361146282822588E+01  1.99752583622312514E+01  2.30630768850622694E+01 C
  2.59374564752117891E+01  1.99583973222448812E+01  2.31586358979769287E+01 C
  9.91439893718395027E+00  2.33026044522665288E+01  1.18124313872632491E+01 N {IGSpin: 1}
