# BigDFT file - NEB generated
 0.27976199999999999E+02 0.00000000000000000E+00 0.00000000000000000E+00
 0.00000000000000000E+00 0.00000000000000000E+00 0.24228600000000000E+02
#keyword: atomicd0
#keyword: surface
#metaData: properties=  {format: ascii, source: posinp19.ascii}
  3.09286976232331312E-01  1.99454898286532512E+01  3.32693201100418390E-01 C
  5.01427778198578888E+00  1.99176823568971493E+01  4.32558609876463995E-01 C
  9.70378311539300320E+00  1.99078682571497190E+01  4.36614292844400009E-01 C
  1.43012706205338098E+01  1.99413724752937185E+01  3.02369745620373220E-01 C
  1.89258185847183604E+01  1.99725412659888697E+01  1.90012472278799305E-01 C
  2.35980761916599597E+01  1.99709067028409599E+01  2.09141864357117097E-01 C
  3.68407981968597420E-01  1.99641591457859491E+01  3.02962188976997693E+00 C
  5.08257010318429092E+00  1.99308257787604717E+01  3.14689594385568983E+00 C
  9.78483586389790361E+00  1.99116625974980295E+01  3.20696242623762817E+00 C
  1.43565412163880097E+01  1.99410059109287801E+01  3.05580444353679015E+00 C
  1.89927792758932306E+01  1.99753706640618809E+01  2.91344712648082105E+00 C
  2.36667013191920184E+01  1.99809363992487512E+01  2.90817592952580295E+00 C
  2.72204507546142205E+00  1.99692439347237602E+01  4.41907686223652973E+00 C
  7.45102013036954336E+00  1.99274182651962093E+01  4.55014281928656583E+00 C
  1.21440788904979406E+01  1.99217918282134683E+01  4.60027907361019039E+00 C
  1.67039357601456793E+01  1.99612724214649404E+01  4.33242445841301116E+00 C
  2.13551161500423312E+01  1.99838091640083491E+01  4.22221261318659291E+00 C
  2.60050030484432213E+01  1.99870803490988216E+01  4.31171845564215861E+00 C
  2.75038965591334295E+00  2.00367319808459392E+01  7.11572198350843532E+00 C
  7.52098321090434485E+00  2.00086727633997086E+01  7.28828828042552512E+00 C
  1.22821129074651996E+01  1.99590780121189297E+01  7.48188073645474461E+00 C
  1.67867966986392609E+01  1.99588623761712292E+01  7.04253763553336043E+00 C
  2.14238792273000094E+01  1.99864457517096383E+01  6.91107380573223828E+00 C
  2.60392681266477588E+01  2.00092105935485591E+01  7.01309819612489260E+00 C
  3.77730095242841291E-01  2.00421809688092800E+01  8.40396665559861944E+00 C
  5.07598766655057965E+00  2.00999953593453995E+01  8.50681475899212813E+00 C
  9.89470853142428730E+00  2.00474222448935890E+01  8.71262969210333083E+00 C
  1.47725629144356407E+01  1.99631084549258198E+01  8.80155016882408958E+00 C
  1.91649603277001113E+01  1.99764398123334104E+01  8.21878606194874273E+00 C
  2.37139644891456314E+01  2.00002232574923511E+01  8.31854070397068668E+00 C
  3.00788888751874206E-01  2.00616160557133583E+01  1.10943816540221896E+01 C
  4.95272521712681790E+00  2.02139310117834086E+01  1.11853533339667006E+01 C
  9.75653100773058135E+00  2.06905032239124900E+01  1.15636928178209697E+01 C
  1.89717972742077912E+01  1.99817419629647084E+01  1.08694763340715106E+01 C
  2.36216142051022295E+01  2.00020404796606286E+01  1.10038382039329807E+01 C
  2.60329191898261580E+00  2.01296970678196914E+01  1.24876543736371097E+01 C
  7.19275371181552536E+00  2.03361845649421085E+01  1.26398661498484497E+01 C
  1.64415735173865691E+01  1.99751747031700511E+01  1.17615447141299505E+01 C
  2.12479030689856714E+01  1.99884963851366209E+01  1.22946092950657402E+01 C
  2.59235709286736302E+01  2.00275963100258991E+01  1.23958491620241595E+01 C
  2.53980911364307582E+00  2.01008871610783117E+01  1.51804931672324894E+01 C
  7.10674907281972157E+00  2.01364051579763803E+01  1.52784677597462508E+01 C
  1.16057032153148008E+01  1.99332693314861302E+01  1.49392042086171397E+01 C
  1.63343577830329600E+01  1.99706582106828812E+01  1.45771650367359893E+01 C
  2.11585876222420204E+01  1.99863282300237088E+01  1.49674862406819695E+01 C
  2.58656298631338402E+01  2.00226029825411409E+01  1.50899703511160208E+01 C
  2.10948878014177194E-01  2.00375781862211291E+01  1.64808060622059394E+01 C
  4.83317012370970911E+00  2.00573066722037687E+01  1.65890916422897412E+01 C
  9.47867976554389990E+00  1.99514330182203210E+01  1.65048233790233816E+01 C
  1.40237084973512296E+01  1.99740066450582994E+01  1.60870955939172511E+01 C
  1.87250998709524694E+01  1.99797644496694708E+01  1.61314554737472307E+01 C
  2.35039596019152199E+01  1.99943023399211306E+01  1.63745945645746183E+01 C
  2.44365518086188199E-01  1.99859297440574615E+01  1.91795839874841612E+01 C
  4.90191235585867169E+00  1.99468244666214716E+01  1.92788320108024713E+01 C
  9.55415224271082586E+00  1.98751320279737911E+01  1.92024298769221602E+01 C
  1.41551295582767303E+01  1.99647565285749913E+01  1.89254616917162792E+01 C
  1.87966295659651905E+01  1.99787960551188704E+01  1.89049691869863992E+01 C
  2.35282993896860688E+01  1.99816957126294490E+01  1.90640535097081596E+01 C
  2.58483242927546897E+00  1.99494222343499708E+01  2.05847004465248204E+01 C
  7.25998820612516571E+00  1.99023968775268010E+01  2.06071461331764603E+01 C
  1.19189704179618001E+01  1.99076314456508712E+01  2.04483921471820800E+01 C
  1.65011432285179005E+01  1.99690514179816283E+01  2.03079175470921385E+01 C
  2.11604821442524909E+01  1.99773482195987491E+01  2.03282104064313316E+01 C
  2.58821154301828606E+01  1.99709909214154209E+01  2.04610898963789403E+01 C
  2.65125945428848908E+00  1.99294264775781897E+01  2.32806542792265496E+01 C
  7.33503193386788244E+00  1.99091982497019302E+01  2.33202485313908703E+01 C
  1.19725575456262607E+01  1.99171317980463698E+01  2.32044671245814591E+01 C
  1.65740147631887105E+01  1.99587224832540002E+01  2.30685534163314507E+01 C
  2.12328643524634408E+01  1.99754337170468084E+01  2.30560941339096388E+01 C
  2.59390512959315913E+01  1.99578077132885099E+01  2.31583853197335401E+01 C
  9.54535727986796267E+00  2.32464796788768311E+01  1.18482556257903493E+01 N {IGSpin: 1}
