# BigDFT file - NEB generated
 0.27976199999999999E+02 0.00000000000000000E+00 0.00000000000000000E+00
 0.00000000000000000E+00 0.00000000000000000E+00 0.24228600000000000E+02
#keyword: atomicd0
#keyword: surface
#metaData: properties=  {format: ascii, source: posinp16.ascii}
  3.09748244116358984E-01  1.99455188127458811E+01  3.32762996693587110E-01 C
  5.01483030508005267E+00  1.99175739544532107E+01  4.34348046575829316E-01 C
  9.70355448587142355E+00  1.99076061795806787E+01  4.37966192401602894E-01 C
  1.43022352640993908E+01  1.99416169639004899E+01  3.00953364326478123E-01 C
  1.89262145561533401E+01  1.99726468446943493E+01  1.89896470933168887E-01 C
  2.35976338873753484E+01  1.99709896116309586E+01  2.09128851594412107E-01 C
  3.68493783344496117E-01  1.99640039316719111E+01  3.02989586405223221E+00 C
  5.08327557237664873E+00  1.99310298369477614E+01  3.14802902446388710E+00 C
  9.78529360900426859E+00  1.99115219782606800E+01  3.20708402427148398E+00 C
  1.43577321747120301E+01  1.99418524813061495E+01  3.05538861924435601E+00 C
  1.89932817080774399E+01  1.99755151789283794E+01  2.91215148099598409E+00 C
  2.36659718018776211E+01  1.99809879505209587E+01  2.90779401396558290E+00 C
  2.72150802563382088E+00  1.99687900744296094E+01  4.42036733754372957E+00 C
  7.45326357963696307E+00  1.99281724132794409E+01  4.55371367239764080E+00 C
  1.21453979282359796E+01  1.99226828912310303E+01  4.60030814642513786E+00 C
  1.67040779832616515E+01  1.99614339446283289E+01  4.33157370215645088E+00 C
  2.13556705433101897E+01  1.99838998172825413E+01  4.22182758472018094E+00 C
  2.60051458467142602E+01  1.99870803714912100E+01  4.31260607023301912E+00 C
  2.74776104262010712E+00  2.00353167187421413E+01  7.11538812586385383E+00 C
  7.52627976973707025E+00  2.00078200671500994E+01  7.29128615035343941E+00 C
  1.22862442707353097E+01  1.99554663179780007E+01  7.47899423758916537E+00 C
  1.67873002725844387E+01  1.99588947647416894E+01  7.04176031367065391E+00 C
  2.14241928906603292E+01  1.99865336333718417E+01  6.91055136986087870E+00 C
  2.60383071752004014E+01  2.00092833061636206E+01  7.01152268612694574E+00 C
  3.79591195243157487E-01  2.00416712132550501E+01  8.40361848917735799E+00 C
  5.07646774620289509E+00  2.01005773728977495E+01  8.51149113352286335E+00 C
  9.90061991052028922E+00  2.00371146069146704E+01  8.71610468025106933E+00 C
  1.47728789327058401E+01  1.99625522537926798E+01  8.79726568781898877E+00 C
  1.91654567333929009E+01  1.99766102483966286E+01  8.21918379989823933E+00 C
  2.37142662912280713E+01  2.00002379901631500E+01  8.31815971107141117E+00 C
  3.02913686484832689E-01  2.00599605947081301E+01  1.10927349168276805E+01 C
  4.95263070004833761E+00  2.02315979185880401E+01  1.11760397822703403E+01 C
  9.79515235930713146E+00  2.06604074192751312E+01  1.15659479582107299E+01 C
  1.89724847359520297E+01  1.99819564568494705E+01  1.08685258956824207E+01 C
  2.36217350257551004E+01  2.00018483945392695E+01  1.10036543567665692E+01 C
  2.60844171371573719E+00  2.01331465443005087E+01  1.24833406077000593E+01 C
  7.21789330852175492E+00  2.04220671476942606E+01  1.26324915641024802E+01 C
  1.64439168810901784E+01  1.99752774697974402E+01  1.17622002962039396E+01 C
  2.12494974619770183E+01  1.99886351359835786E+01  1.22943545425459693E+01 C
  2.59247496296641486E+01  2.00267792675412011E+01  1.23959964184481297E+01 C
  2.54034160436594991E+00  2.01040105078030287E+01  1.51799077623249303E+01 C
  7.11472413765878819E+00  2.01508386706704101E+01  1.52873689877898595E+01 C
  1.16070848661884902E+01  1.99255428976392110E+01  1.49267754313138994E+01 C
  1.63336548664967687E+01  1.99696745481609383E+01  1.45748806342364894E+01 C
  2.11588978274956503E+01  1.99864610077415890E+01  1.49661208503818397E+01 C
  2.58656024287857704E+01  2.00225857778771505E+01  1.50876829059563899E+01 C
  2.15658388908780502E-01  2.00379957393030210E+01  1.64784695630309912E+01 C
  4.83928861084579509E+00  2.00580492388487883E+01  1.65890570786738607E+01 C
  9.47635494495781394E+00  1.99498313181898403E+01  1.65069538740581194E+01 C
  1.40196451419623997E+01  1.99713414408500682E+01  1.60829814492465886E+01 C
  1.87252444388269588E+01  1.99798484300348100E+01  1.61306879787688189E+01 C
  2.35050506546993496E+01  1.99944605927880197E+01  1.63733626504611003E+01 C
  2.46244150338092188E-01  1.99856536030535601E+01  1.91798013022771805E+01 C
  4.90422071555347205E+00  1.99446288520773010E+01  1.92796239841540391E+01 C
  9.55307826977662877E+00  1.98759667658473198E+01  1.92027323443377895E+01 C
  1.41543790131673592E+01  1.99649703740734097E+01  1.89248384223784392E+01 C
  1.87965260601499686E+01  1.99788246862884193E+01  1.89032787308989896E+01 C
  2.35279793589752906E+01  1.99818924088797907E+01  1.90630746529032287E+01 C
  2.58517425896791986E+00  1.99487037044760207E+01  2.05851715336990111E+01 C
  7.26088790905062531E+00  1.99021201025560011E+01  2.06077936333604512E+01 C
  1.19193127346103207E+01  1.99074044409470012E+01  2.04489884296736690E+01 C
  1.64995282648708788E+01  1.99694031786710298E+01  2.03061996242927307E+01 C
  2.11613142857356493E+01  1.99774393607282192E+01  2.03270528025760910E+01 C
  2.58834184537533289E+01  1.99709767378721210E+01  2.04611442006375910E+01 C
  2.65089564245753806E+00  1.99292574084242311E+01  2.32809772115241884E+01 C
  7.33553754353156595E+00  1.99090071278780698E+01  2.33214452293988508E+01 C
  1.19729832460084804E+01  1.99169279174203595E+01  2.32036017066655091E+01 C
  1.65734846347110896E+01  1.99588290311821197E+01  2.30679377522516695E+01 C
  2.12334976815841188E+01  1.99755500654674485E+01  2.30559139665137600E+01 C
  2.59396457261790800E+01  1.99578181444177503E+01  2.31576475412647689E+01 C
  9.42044218021803381E+00  2.31818156359931287E+01  1.18843331321354704E+01 N {IGSpin: 1}
