# BigDFT file - NEB generated
 0.27976199999999999E+02 0.00000000000000000E+00 0.00000000000000000E+00
 0.00000000000000000E+00 0.00000000000000000E+00 0.24228600000000000E+02
#keyword: atomicd0
#keyword: surface
#metaData: properties=  {format: ascii, source: posinp43.ascii}
  2.91882143475283018E-01  1.99531928154679683E+01  3.05949716906371794E-01 C
  4.98247556463675156E+00  1.99101542318252491E+01  3.80961855367563218E-01 C
  9.67654247618264840E+00  1.99013386265043586E+01  4.17239011405888316E-01 C
  1.42880355036528606E+01  1.99283616785012505E+01  3.22958600152450814E-01 C
  1.89220507909998901E+01  1.99680490265127411E+01  2.22647424724043808E-01 C
  2.35862103865366599E+01  1.99757544871380794E+01  2.17617381450471187E-01 C
  3.31481424133301394E-01  1.99701170428992008E+01  3.00094803239038699E+00 C
  5.02421465387034960E+00  1.99212389736597402E+01  3.08033577150602511E+00 C
  9.73687808898568008E+00  1.99237884508664500E+01  3.16884125531969696E+00 C
  1.43267581084035598E+01  1.99328100636147489E+01  3.06460382564082812E+00 C
  1.89734138211314090E+01  1.99723344776994090E+01  2.93628901903817896E+00 C
  2.36403571309395986E+01  1.99835891507126391E+01  2.91330010752143220E+00 C
  2.67062158231725810E+00  1.99706345799830096E+01  4.37620288661753865E+00 C
  7.37458105636205730E+00  1.99344959288452195E+01  4.46132383118761844E+00 C
  1.20938604103334804E+01  1.99546777608556383E+01  4.59352204736633318E+00 C
  1.66699952867521688E+01  1.99556861245009998E+01  4.35259837959274165E+00 C
  2.13293529842022203E+01  1.99823312763850005E+01  4.24014988494923806E+00 C
  2.59739474352068314E+01  1.99897226779277304E+01  4.30236119336845135E+00 C
  2.67989600815085005E+00  2.00167282972066189E+01  7.06791669245339804E+00 C
  7.39714272065316791E+00  2.00885846173677898E+01  7.16591980452792043E+00 C
  1.21967053560282697E+01  2.01089683522674108E+01  7.44770796179821470E+00 C
  1.67346584484459591E+01  1.99553637975639795E+01  7.05615146936764326E+00 C
  2.13805884502994310E+01  1.99805930114323793E+01  6.92785047930158981E+00 C
  2.59941129657255203E+01  2.00047407792785492E+01  7.00253334634405888E+00 C
  3.29182940825022419E-01  2.00179113194908993E+01  8.38294077931554149E+00 C
  4.99908648578862636E+00  2.00716318643393699E+01  8.44023503150568466E+00 C
  9.71205661046051993E+00  2.03650770946317010E+01  8.58238584158132234E+00 C
  1.46916243366788404E+01  2.00315420051265889E+01  8.79814950152649011E+00 C
  1.91160698971027010E+01  1.99626326970754704E+01  8.23819083254785944E+00 C
  2.36744160193204891E+01  1.99993662359034516E+01  8.32267385823913841E+00 C
  2.66878274765855183E-01  2.00227240975818006E+01  1.10762097094416507E+01 C
  4.90086672893158859E+00  2.00641425147829295E+01  1.11280061258494207E+01 C
  9.47874883277340352E+00  2.08110259295208095E+01  1.12753553765829295E+01 C
  1.89350733521821297E+01  1.99761793022764316E+01  1.08970080715243007E+01 C
  2.35930892193929687E+01  2.00044372633684517E+01  1.10091345757458203E+01 C
  2.56922585603707221E+00  2.00178118250906785E+01  1.24546553327231706E+01 C
  7.16423390179896113E+00  2.02498782800026014E+01  1.25222319943856295E+01 C
  1.64150000265046998E+01  2.00366150194679307E+01  1.18046944597358898E+01 C
  2.12253532195978316E+01  1.99873652529748007E+01  1.23114288972886392E+01 C
  2.58987202605794202E+01  2.00196899340541989E+01  1.23930566685493293E+01 C
  2.54462427899584087E+00  2.00145847810779109E+01  1.51499176274273992E+01 C
  7.14898793823413570E+00  2.01322914919576910E+01  1.51968723413434699E+01 C
  1.16713899933813092E+01  2.06744058664526591E+01  1.50556492520451002E+01 C
  1.63346774891740303E+01  2.00843293447570588E+01  1.46567262191061793E+01 C
  2.11605971126208985E+01  1.99832688881643605E+01  1.49884765443346293E+01 C
  2.58618081847136807E+01  2.00106133717277110E+01  1.50862667873669594E+01 C
  2.11248394410745693E-01  2.00072043998384501E+01  1.64648676744506801E+01 C
  4.85059100761134587E+00  2.00001319101975987E+01  1.65363139468932587E+01 C
  9.47345030564150292E+00  2.01374219555254292E+01  1.65089416422026005E+01 C
  1.41032212494711704E+01  2.02425949677821393E+01  1.62346388094596392E+01 C
  1.87406430804352517E+01  1.99940558067733392E+01  1.61797469903638103E+01 C
  2.35038641512306796E+01  1.99908670796094583E+01  1.63839130209374808E+01 C
  2.43742969114211089E-01  1.99837489349939901E+01  1.91574106777077517E+01 C
  4.90806281609876027E+00  1.99351553678387816E+01  1.92270149806450306E+01 C
  9.55633602568574148E+00  1.99067839855705202E+01  1.91934537705663715E+01 C
  1.41885236430607407E+01  2.00028961335227997E+01  1.89875533986824117E+01 C
  1.88111958459579007E+01  1.99826521078406785E+01  1.89450691819105295E+01 C
  2.35299109609780217E+01  1.99843603458433599E+01  1.90727589107510198E+01 C
  2.58063683422692014E+00  1.99495192147058589E+01  2.05425586837603511E+01 C
  7.25747414101915478E+00  1.98821433944435100E+01  2.05788013437770303E+01 C
  1.19163592954037494E+01  1.99359210771474302E+01  2.04752992585753688E+01 C
  1.65231016225727494E+01  1.99533789485035911E+01  2.03648554923961704E+01 C
  2.11712941955758289E+01  1.99800551889481603E+01  2.03550067496085987E+01 C
  2.58796606539482816E+01  1.99783552162423916E+01  2.04570127596397491E+01 C
  2.62994152686163307E+00  1.99333532975253185E+01  2.32350249137966891E+01 C
  7.31708464256103941E+00  1.98911958194111094E+01  2.32889274410763285E+01 C
  1.19616894011606103E+01  1.99150187081061816E+01  2.32066167648009412E+01 C
  1.65750589147185394E+01  1.99432713713453289E+01  2.31076337677527803E+01 C
  2.12312514366032197E+01  1.99764125649566111E+01  2.30762988513311704E+01 C
  2.59265206002272599E+01  1.99668727968450490E+01  2.31477724673540806E+01 C
  1.15000517801860607E+01  2.15370198710508305E+01  1.26301399830069396E+01 N {IGSpin: 1}
