# BigDFT file - NEB generated
 0.27976199999999999E+02 0.00000000000000000E+00 0.00000000000000000E+00
 0.00000000000000000E+00 0.00000000000000000E+00 0.24228600000000000E+02
#keyword: atomicd0
#keyword: surface
#metaData: properties=  {format: ascii, source: posinp7.ascii}
  3.11851731819657196E-01  1.99451993136029593E+01  3.32194021210660273E-01 C
  5.02085223884984799E+00  1.99167126972349315E+01  4.40844388839764678E-01 C
  9.70488052210389185E+00  1.99051929743382097E+01  4.42936358310804690E-01 C
  1.43020322401935207E+01  1.99419909668337709E+01  2.99164246465881578E-01 C
  1.89266108482403510E+01  1.99740305401928993E+01  1.85332816679254997E-01 C
  2.35981806158918701E+01  1.99709531416107993E+01  2.07144980535993201E-01 C
  3.70643484874839890E-01  1.99618727676326699E+01  3.03018483685814388E+00 C
  5.09164426279426063E+00  1.99330333710996896E+01  3.15577804060112488E+00 C
  9.78891974691450528E+00  1.99105782724058500E+01  3.21122692539008403E+00 C
  1.43594423833186298E+01  1.99432851973825507E+01  3.05593714281778217E+00 C
  1.89960029506772514E+01  1.99762884832426906E+01  2.90803873433002202E+00 C
  2.36671886645890908E+01  1.99810653157191283E+01  2.90353666056216486E+00 C
  2.72349380930098617E+00  1.99660227999661295E+01  4.42427145451313741E+00 C
  7.46411636217898344E+00  1.99297863783580205E+01  4.57118374044298292E+00 C
  1.21510452474644293E+01  1.99234783516234089E+01  4.60426906619831389E+00 C
  1.67069337119425185E+01  1.99622357657166489E+01  4.33141509588029461E+00 C
  2.13574489956265197E+01  1.99842011462519906E+01  4.21776228191980973E+00 C
  2.60081752403197299E+01  1.99862410062002205E+01  4.31135853409785241E+00 C
  2.74960466394493208E+00  2.00311509828372110E+01  7.11524880634507984E+00 C
  7.54736289163057439E+00  2.00051549148377106E+01  7.31527437753992071E+00 C
  1.23006069777974307E+01  1.99421218156132412E+01  7.48388539594658120E+00 C
  1.67947779710668001E+01  1.99594245476823708E+01  7.03808110640645790E+00 C
  2.14285236177696490E+01  1.99867544842010112E+01  6.90646448922426792E+00 C
  2.60421012768870490E+01  2.00084382357455191E+01  7.00769863411572658E+00 C
  3.84099751702465797E-01  2.00384842108534613E+01  8.40057947638954694E+00 C
  5.08639065575826521E+00  2.01117321878235202E+01  8.52132072364396009E+00 C
  9.93140676207142903E+00  2.00035306877362693E+01  8.75700666853443366E+00 C
  1.47835175556023906E+01  1.99581127113275905E+01  8.79855778047388171E+00 C
  1.91723491178628116E+01  1.99772072887333891E+01  8.21563159670144572E+00 C
  2.37171008342901004E+01  1.99998632070845801E+01  8.31608124080532995E+00 C
  3.11047070246864898E-01  2.00547405423322083E+01  1.10897253219819500E+01 C
  4.96260659465845944E+00  2.02840990295976411E+01  1.11652303460760098E+01 C
  9.89845032549743387E+00  2.05686668725303612E+01  1.16291461846820496E+01 C
  1.89787462548204786E+01  1.99816149229329802E+01  1.08620857908957404E+01 C
  2.36256952681340806E+01  2.00010279677504208E+01  1.10001641383843403E+01 C
  2.62143190221258093E+00  2.01479530964433096E+01  1.24754517728037406E+01 C
  7.25240736384865858E+00  2.06672377827300089E+01  1.26326887631828093E+01 C
  1.64427413470906210E+01  1.99732769318460086E+01  1.17492314429868792E+01 C
  2.12521042638989712E+01  1.99890285868299493E+01  1.22908861357516503E+01 C
  2.59318806334408904E+01  2.00227017438401411E+01  1.23939291068118091E+01 C
  2.54628977608431795E+00  2.01190913872859305E+01  1.51751246074008392E+01 C
  7.12197952693395031E+00  2.01946442310904999E+01  1.53013650359196305E+01 C
  1.15835175859783703E+01  1.99186913481723700E+01  1.48711881575923606E+01 C
  1.63291873259234599E+01  1.99673607776403692E+01  1.45592359256806105E+01 C
  2.11587619720760109E+01  1.99869623777591698E+01  1.49630162419339996E+01 C
  2.58704007271316598E+01  2.00213737982346807E+01  1.50827821265549407E+01 C
  2.24006191527068993E-01  2.00389633983173709E+01  1.64729388289095517E+01 C
  4.85272662535275678E+00  2.00677712982129002E+01  1.65904799581477498E+01 C
  9.47173874329753396E+00  1.99530490964398588E+01  1.65007228686361991E+01 C
  1.40006240530130608E+01  1.99547690320981701E+01  1.60481250508685385E+01 C
  1.87221454964194685E+01  1.99791975167748994E+01  1.61250612625462715E+01 C
  2.35055765873119284E+01  1.99945635639998294E+01  1.63702290832350883E+01 C
  2.51098862469890993E-01  1.99825175796370509E+01  1.91785531546841597E+01 C
  4.91139254140812742E+00  1.99377621114636199E+01  1.92810890704594300E+01 C
  9.55454635562906240E+00  1.98867720078603512E+01  1.91986082213042195E+01 C
  1.41443711709326596E+01  1.99544310771042390E+01  1.89094364421043508E+01 C
  1.87948013141235784E+01  1.99777309393987714E+01  1.88968491375738417E+01 C
  2.35284265759163205E+01  1.99824613228973718E+01  1.90587850024049814E+01 C
  2.58906429136652294E+00  1.99423552343246904E+01  2.05866125339124686E+01 C
  7.26557922748306684E+00  1.99024887029450888E+01  2.06088190254794199E+01 C
  1.19190937922614992E+01  1.99065868742370498E+01  2.04457105143657891E+01 C
  1.64924343890043090E+01  1.99677535914692506E+01  2.02962926073518801E+01 C
  2.11601109509569412E+01  1.99776919330558194E+01  2.03222153841878885E+01 C
  2.58876802486479392E+01  1.99702907768215283E+01  2.04587652440859706E+01 C
  2.65396570425174794E+00  1.99277292314374890E+01  2.32822441643884694E+01 C
  7.33913827573001321E+00  1.99047407552118614E+01  2.33240803955820901E+01 C
  1.19739153565458096E+01  1.99151947374704505E+01  2.32033780952182092E+01 C
  1.65707389464351813E+01  1.99610255513218000E+01  2.30604224408160405E+01 C
  2.12332986028172108E+01  1.99757698660749092E+01  2.30525405531864997E+01 C
  2.59430993174667996E+01  1.99575706511891795E+01  2.31552912661888897E+01 C
  9.02970876103013076E+00  2.30017184093487614E+01  1.19676211700065096E+01 N {IGSpin: 1}
