# BigDFT file - NEB generated
 0.27976199999999999E+02 0.00000000000000000E+00 0.00000000000000000E+00
 0.00000000000000000E+00 0.00000000000000000E+00 0.24228600000000000E+02
#keyword: atomicd0
#keyword: surface
#metaData: properties=  {format: ascii, source: posinp37.ascii}
  2.95288903094228117E-01  1.99484312734522504E+01  3.11857426182771291E-01 C
  4.98383474140422411E+00  1.99101553959379203E+01  3.84016072908276607E-01 C
  9.68365323265053668E+00  1.99025239762881689E+01  4.23518209680841085E-01 C
  1.42962030139198095E+01  1.99307511002642492E+01  3.26092131517877193E-01 C
  1.89320848355899791E+01  1.99703444486427699E+01  2.28605808775704994E-01 C
  2.35949701837485399E+01  1.99724731284006900E+01  2.22847935276282494E-01 C
  3.36808495547650910E-01  1.99666457693664405E+01  3.00738734816671283E+00 C
  5.02610057064223703E+00  1.99119541648607488E+01  3.08379569561205713E+00 C
  9.74414940579691269E+00  1.99042947991304793E+01  3.16794098525575496E+00 C
  1.43364516035949006E+01  1.99250707823510496E+01  3.06752937169103879E+00 C
  1.89804840165848887E+01  1.99724912917357784E+01  2.94600118610101003E+00 C
  2.36495532515705911E+01  1.99819811691490905E+01  2.91986018913752199E+00 C
  2.67967445102121493E+00  1.99668914905980301E+01  4.38377015375943557E+00 C
  7.37457619478323156E+00  1.99013919649529889E+01  4.45363967635797042E+00 C
  1.21021456067868005E+01  1.99232987433693509E+01  4.58220560833461743E+00 C
  1.66787594923227900E+01  1.99556125365801300E+01  4.35486783426170643E+00 C
  2.13355703583348486E+01  1.99818131022607517E+01  4.24660336244703096E+00 C
  2.59807739863069216E+01  1.99892258498582684E+01  4.30686642257647900E+00 C
  2.69110716343872580E+00  2.00263552405140608E+01  7.07656636102912273E+00 C
  7.38698424674817566E+00  2.00204264611816214E+01  7.14690341871901591E+00 C
  1.21974338503212607E+01  2.00601387712193500E+01  7.43439043256787002E+00 C
  1.67360047720004204E+01  1.99577358865593197E+01  7.06396709513258259E+00 C
  2.13852833925020107E+01  1.99831612810838486E+01  6.93437891097276093E+00 C
  2.60037426006105896E+01  2.00076781804443300E+01  7.01111969805412105E+00 C
  3.33996676682229321E-01  2.00277233224756799E+01  8.39031401829638313E+00 C
  5.00265240493921137E+00  2.00729171163866909E+01  8.43946806698587082E+00 C
  9.70079706730460245E+00  2.02897790400695186E+01  8.53622799648493036E+00 C
  1.46752897028077793E+01  2.00044705838746211E+01  8.77576175959692684E+00 C
  1.91178679132196194E+01  1.99722006424455998E+01  8.24493463284825978E+00 C
  2.36820907204897395E+01  2.00002469517778501E+01  8.32919202915659973E+00 C
  2.68259803529310226E-01  2.00316388197958197E+01  1.10831743172839801E+01 C
  4.90546894568197356E+00  2.00787400897049118E+01  1.11397390130167704E+01 C
  9.39676706997913058E+00  2.10034025747989510E+01  1.11503770155691004E+01 C
  1.89398437370863704E+01  1.99855784445630604E+01  1.09042281030892791E+01 C
  2.35997188583424595E+01  2.00050167186360390E+01  1.10130686519944696E+01 C
  2.57050730417169015E+00  2.00375387693104301E+01  1.24672216698606402E+01 C
  7.15515572542475198E+00  2.02432279773132713E+01  1.25268669664418297E+01 C
  1.64378649004735991E+01  2.00064010151109990E+01  1.18440172709678606E+01 C
  2.12318201008231284E+01  1.99909588901137703E+01  1.23159375579888408E+01 C
  2.59037665610996584E+01  2.00224031519359507E+01  1.23964464024109997E+01 C
  2.54732637914431193E+00  2.00356368363563817E+01  1.51543516302079304E+01 C
  7.14517031807863656E+00  2.01170494363475285E+01  1.51939345721925303E+01 C
  1.16978055202697107E+01  2.04001672298903287E+01  1.51564744529423407E+01 C
  1.63708337160197104E+01  2.00170306423547792E+01  1.46621004082216899E+01 C
  2.11691509072990804E+01  1.99879032434330810E+01  1.49899779350358209E+01 C
  2.58673420258361801E+01  2.00158110324408405E+01  1.50914930482844696E+01 C
  2.14476469429810690E-01  2.00182792663579008E+01  1.64703279449509417E+01 C
  4.86467341410219678E+00  2.00045966621535491E+01  1.65340689388609690E+01 C
  9.49230637024605706E+00  2.00356723889180017E+01  1.65222880418159193E+01 C
  1.41109289329683101E+01  2.00762778916515892E+01  1.62307321626196916E+01 C
  1.87544519588170502E+01  1.99859717469701188E+01  1.61811557873058796E+01 C
  2.35133628386184483E+01  1.99950273870054502E+01  1.63882536062674617E+01 C
  2.43489526800457601E-01  1.99849112754360192E+01  1.91623405891740610E+01 C
  4.91213270083346121E+00  1.99344470663094597E+01  1.92370872271063895E+01 C
  9.56102755163303897E+00  1.98582606546596807E+01  1.92168457848849208E+01 C
  1.41992845169247204E+01  1.99484129431435484E+01  1.90217616815675612E+01 C
  1.88216419736777887E+01  1.99816711784715686E+01  1.89540323222900717E+01 C
  2.35373164889558488E+01  1.99838271246151997E+01  1.90755404242487998E+01 C
  2.58782628954930116E+00  1.99498774879220591E+01  2.05472416370185087E+01 C
  7.25560854049323911E+00  1.98884230213825788E+01  2.05924569468103194E+01 C
  1.19250806951203199E+01  1.99125565104244409E+01  2.04858313222806494E+01 C
  1.65396881550216186E+01  1.99579921528487105E+01  2.03790859901610801E+01 C
  2.11756261746446697E+01  1.99795983781118487E+01  2.03586513522604307E+01 C
  2.58843222698753799E+01  1.99748028361385508E+01  2.04585757779497399E+01 C
  2.63550670098568185E+00  1.99316370566916206E+01  2.32402239126678793E+01 C
  7.31698344598689676E+00  1.99025863680136297E+01  2.32986930195226094E+01 C
  1.19691514983495608E+01  1.99175275690149398E+01  2.32214855670962201E+01 C
  1.65886262648009293E+01  1.99529923189397707E+01  2.31192268568810917E+01 C
  2.12360379987547496E+01  1.99753198814561408E+01  2.30823748604337986E+01 C
  2.59311464140021108E+01  1.99616640093803213E+01  2.31553396957834607E+01 C
  1.10016080592533196E+01  2.25203627805831594E+01  1.23206211030773396E+01 N {IGSpin: 1}
