 0.00000000000000000E+00
 1.95908794266620556E-01
 4.77107438004895079E-01
 7.96685841516888704E-01
 1.18388495544338523E+00
 1.58701961524575919E+00
 1.80201248743817977E+00
 2.01483415266981902E+00
 2.21487850367720140E+00
 2.41323656731916047E+00
 2.58745800690322891E+00
 2.77829188731729815E+00
 2.84655461631317985E+00
 2.94424127563593130E+00
 3.05933402312062341E+00
 3.17024569284421132E+00
 3.29512577881265445E+00
 3.45356659329279836E+00
 3.87487593946780917E+00
 4.31903754740585111E+00
 4.82447371209396003E+00
 5.36641466681222390E+00
 5.85709200567599630E+00
 6.21003409088569391E+00
