 0.00000000000000000E+00
 1.07991503245639997E-01
 2.61960855113135382E-01
 4.13580941993645812E-01
 5.35621430929960285E-01
 8.03052041066123046E-01
 9.26616987767283296E-01
 1.06812694129896890E+00
 1.26824046565321691E+00
 1.48240578350297780E+00
 1.53431882832618260E+00
 1.57459800486117030E+00
 1.63776895920695220E+00
 1.71755174434673963E+00
 1.81568756091350170E+00
 1.90240226141666691E+00
 1.97551795820092524E+00
 2.05773507619062812E+00
 2.13457017147684791E+00
 2.21086451478584856E+00
 2.30128983860234593E+00
 2.52225910123172525E+00
 2.74712330707388963E+00
 3.02116199797355955E+00
 3.20768702679955942E+00
