 0.00000000000000000E+00
 1.60946626503273960E-01
 2.82593394172762635E-01
 3.65471550576592974E-01
 4.47251569495175860E-01
 5.94636529142519965E-01
 8.63230906493520189E-01
 1.22507967982324173E+00
 1.69177069490001886E+00
 2.06128849047960649E+00
 2.39394329914858606E+00
 2.85475387668170155E+00
 3.25887383844528333E+00
 3.59711359498330641E+00
 3.87402795027732161E+00
 4.11153137257766588E+00
 4.32090549733652196E+00
 4.54177039328818566E+00
 4.71688803939875712E+00
 4.94031225410907560E+00
