# BigDFT position file
 2.79761999999999986E+01 0.00000000000000000E+00 1.80000000000000000E+01
 0.00000000000000000E+00 0.00000000000000000E+00 3.23048000000000002E+01
#keyword: atomicd0
#keyword: surface
  4.04907717916357268E-01  1.99568541828843884E+01  8.47199565735379245E+00 C
  5.06220349640923839E+00  1.99284869801218996E+01  8.46407936152674800E+00 C
  9.72996933381468310E+00  1.99194613757909309E+01  8.46701447984167999E+00 C
  1.43912527579474308E+01  1.99217692722394695E+01  8.47874081876699925E+00 C
  1.90531364995431289E+01  1.99349946706099708E+01  8.47604351973481407E+00 C
  2.37204035341183683E+01  1.99584280815241897E+01  8.47326661088710509E+00 C
  4.07534888928368033E-01  1.99500459825128686E+01  1.11637231594691304E+01 C
  5.06186025781672022E+00  1.99308859704106602E+01  1.11565162904750999E+01 C
  9.73066310286920810E+00  1.99484277711121685E+01  1.11606826455645312E+01 C
  1.43921329776281901E+01  1.99513474917777991E+01  1.11662775281119409E+01 C
  1.90547087656703695E+01  1.99321508222298611E+01  1.11712535185484700E+01 C
  2.37235751090465996E+01  1.99452095085780705E+01  1.11695423043081803E+01 C
  2.73660733722865190E+00  1.99476718998031615E+01  1.25046297576389112E+01 C
  7.39529196818640422E+00  1.99450391127590301E+01  1.24947674523697110E+01 C
  1.20556921517697404E+01  1.99998500843631390E+01  1.25097642079184297E+01 C
  1.67264409209400888E+01  1.99533262452539013E+01  1.25130462497391601E+01 C
  2.13899742682702900E+01  1.99325427807215689E+01  1.25141581287334205E+01 C
  2.60486174814225784E+01  1.99438452662189896E+01  1.25098180093776108E+01 C
  2.74365673746773986E+00  1.99636789041850591E+01  1.52074740788933198E+01 C
  7.39715256467553850E+00  2.00411938088076802E+01  1.51817604561929009E+01 C
  1.20443003193638098E+01  2.01668160727061192E+01  1.51973964566659898E+01 C
  1.67292602717300269E+01  1.99983391082152586E+01  1.52090113948855503E+01 C
  2.13923848621840591E+01  1.99201665260573897E+01  1.52016362558720495E+01 C
  2.60520114134819174E+01  1.99245208298766201E+01  1.52056219502543204E+01 C
  4.01486112494890746E-01  1.99306333999288690E+01  1.65532403174575684E+01 C
  5.05493875778261437E+00  2.00308375682896305E+01  1.65425020309954292E+01 C
  9.71624612031633461E+00  2.02556414859200515E+01  1.64808138196773193E+01 C
  1.44073165967842503E+01  2.01645745872979205E+01  1.65618973726439087E+01 C
  1.90592385182850386E+01  1.99424675996009206E+01  1.65478299528926591E+01 C
  2.37210808619584199E+01  1.99088319943638403E+01  1.65490837012290903E+01 C
  3.96779114613629247E-01  1.99100442036585292E+01  1.92418079758667488E+01 C
  5.04785242848547444E+00  2.00347349524746186E+01  1.92524720012768000E+01 C
  9.62755229591580886E+00  2.08416327079552204E+01  1.91849557555773487E+01 C
  1.44591567807518704E+01  2.02510662615342696E+01  1.92204904757921078E+01 C
  1.90689109789976179E+01  1.99323598529776085E+01  1.92386303768304003E+01 C
  2.37225385703577594E+01  1.99001544197160598E+01  1.92435951146267392E+01 C
  2.72064666963635693E+00  1.99335934667504695E+01  2.05940164466642095E+01 C
  7.33066706123875278E+00  2.02527191819420089E+01  2.06121577257542086E+01 C
  1.21626832171271104E+01  2.08404307640688486E+01  2.06478533570454701E+01 C
  1.67418078391798986E+01  2.00327454185774414E+01  2.05800338373033291E+01 C
  2.13927241653451787E+01  1.99089737064193883E+01  2.05907417013776595E+01 C
  2.60430615321116683E+01  1.99003157471659300E+01  2.05890625702206691E+01 C
  2.73026160028295406E+00  1.99428667698277700E+01  2.32847480151424691E+01 C
  7.38238063794956023E+00  2.01649902027149786E+01  2.32706468114658094E+01 C
  1.20736251117600695E+01  2.02539845086080810E+01  2.33518535736434387E+01 C
  1.67346205219498785E+01  2.00285620495345213E+01  2.32900502699082494E+01 C
  2.13879022129860488E+01  1.99290608399914788E+01  2.32793546594141603E+01 C
  2.60445795503915498E+01  1.99083827244715508E+01  2.32835154943447478E+01 C
  3.96975968108041144E-01  1.99198739959669204E+01  2.46309204112799769E+01 C
  5.06033990466265227E+00  1.99984324078737110E+01  2.46235765267616884E+01 C
  9.74538280052479600E+00  2.01659965202507792E+01  2.46352221559805891E+01 C
  1.43924383449190199E+01  2.00389969385468802E+01  2.46507512799691497E+01 C
  1.90459675843511995E+01  1.99615685451788210E+01  2.46249601660390702E+01 C
  2.37136612869476089E+01  1.99232867151217796E+01  2.46268884890446280E+01 C
  3.99468970510440613E-01  1.99317265904781102E+01  2.73183243395418600E+01 C
  5.06301242244825733E+00  1.99526332309906600E+01  2.73194870628829598E+01 C
  9.73396480497406813E+00  1.99985789733418606E+01  2.73227068403835993E+01 C
  1.43944016800748411E+01  1.99429464564068013E+01  2.73375632154229393E+01 C
  1.90527884432549897E+01  1.99456654730058816E+01  2.73277646714895894E+01 C
  2.37170009248899589E+01  1.99424232530048613E+01  2.73226500946860469E+01 C
  2.73487980791855678E+00  1.99312911844005214E+01  2.86612962931036073E+01 C
  7.39737505317239030E+00  1.99502853052435007E+01  2.86662304465566287E+01 C
  1.20588633707417099E+01  1.99466770503348911E+01  2.86718317016658588E+01 C
  1.67277370117043596E+01  1.99288913538486803E+01  2.86760741069510274E+01 C
  2.13819601738815379E+01  1.99484031001287683E+01  2.86688401721897890E+01 C
  2.60420047189325281E+01  1.99440532544064411E+01  2.86630655160289578E+01 C
  2.73621833208316989E+00  1.99341423435234013E+01  3.13563014331611178E+01 C
  7.39826457416164018E+00  1.99207078130485691E+01  3.13536982886896887E+01 C
  1.20596124842838908E+01  1.99180380654628593E+01  3.13653470108354995E+01 C
  1.67272942679688299E+01  1.99270310887511286E+01  3.13682330329395889E+01 C
  2.13845644402156978E+01  1.99556373174454400E+01  3.13603378117840492E+01 C
  2.60452498347472670E+01  1.99574566498113484E+01  3.13590705846363171E+01 C
  1.08964526293173112E+01  2.31750290382069402E+01  1.99166648962300172E+01 N {IGSpin: 1}
  4.01559473632159603E-01  1.99522597685299701E+01  3.96588626712620851E-01 C
  5.06288146297537178E+00  1.99252114569379692E+01  3.93276986143007434E-01 C
  9.73007360790684395E+00  1.99154545724745091E+01  3.99458589427425181E-01 C
  1.43915111175585899E+01  1.99167175643579384E+01  4.05137837826167635E-01 C
  1.90537648132502788E+01  1.99458889926689800E+01  4.03326170636491121E-01 C
  2.37172128397241586E+01  1.99654215887797903E+01  3.98995838301466677E-01 C
  4.03029680294031967E-01  1.99608459631533783E+01  3.08666931548925394E+00 C
  5.06463490573230057E+00  1.99296815077787492E+01  3.08779167396594012E+00 C
  9.73119204447205277E+00  1.99121830081882010E+01  3.09115401436452908E+00 C
  1.43928916152435207E+01  1.99175313783055294E+01  3.09397910722233194E+00 C
  1.90545435415828592E+01  1.99478304808244005E+01  3.09755687338577390E+00 C
  2.37192364595893395E+01  1.99704827900406912E+01  3.09340495047364294E+00 C
  2.73493570993091684E+00  1.99480986470425812E+01  4.43002959229307702E+00 C
  7.39661238266988619E+00  1.99178572811627710E+01  4.43362813884735196E+00 C
  1.20583726598573406E+01  1.99123708539559701E+01  4.43645613438281394E+00 C
  1.67249000956088878E+01  1.99297686931845099E+01  4.43975393622271675E+00 C
  2.13863374190007676E+01  1.99609523382830290E+01  4.44084348529511530E+00 C
  2.60464148006136185E+01  1.99706797324455607E+01  4.43421938412544669E+00 C
  2.73574223718179077E+00  1.99469101475240507E+01  7.12438693826023517E+00 C
  7.39805109215534795E+00  1.99178770094462898E+01  7.12257076042683579E+00 C
  1.20594954838069395E+01  1.99164357764647697E+01  7.12821594950658799E+00 C
  1.67266565248720980E+01  1.99259377675859817E+01  7.13445595097659702E+00 C
  2.13878910051287292E+01  1.99529242138507605E+01  7.13111576499797017E+00 C
  2.60483802653737193E+01  1.99662668169024791E+01  7.12859287467628100E+00 C
