# BigDFT position file
 2.79761999999999986E+01 0.00000000000000000E+00 1.80000000000000000E+01
 0.00000000000000000E+00 0.00000000000000000E+00 3.23048000000000002E+01
#keyword: atomicd0
#keyword: surface
  4.01085541696173942E-01  1.99602536334258609E+01  8.48172438162605324E+00 C
  5.06772990636014420E+00  1.99393428434109197E+01  8.48432310117518895E+00 C
  9.72999265142350289E+00  1.99252442947901507E+01  8.48664822005110864E+00 C
  1.43916794656858311E+01  1.99248878099719491E+01  8.47489414025175947E+00 C
  1.90595719857704289E+01  1.99354520710791085E+01  8.47223391176100726E+00 C
  2.37169476562574495E+01  1.99595062031421193E+01  8.48028018917695370E+00 C
  3.97636756391900548E-01  1.99477689924339110E+01  1.11776853581460607E+01 C
  5.06599277090973477E+00  1.99340247162452506E+01  1.11793289761138297E+01 C
  9.72901979024619834E+00  1.99481040801066882E+01  1.11738760762278098E+01 C
  1.43913510229370711E+01  1.99488347954972696E+01  1.11681962640014607E+01 C
  1.90606748659661385E+01  1.99401606536921214E+01  1.11641605232904411E+01 C
  2.37148153881789270E+01  1.99566809452163092E+01  1.11716635821024912E+01 C
  2.73104799615065108E+00  1.99350723955224787E+01  1.25225040833723504E+01 C
  7.39446988387787840E+00  1.99497622920416191E+01  1.25209616395130610E+01 C
  1.20657707548994111E+01  1.99916822372929914E+01  1.25170740563518699E+01 C
  1.67270579430311201E+01  1.99489353896138084E+01  1.25022970456536910E+01 C
  2.13854502867268792E+01  1.99588367621445784E+01  1.25128083171497710E+01 C
  2.60492785546880796E+01  1.99488911937383904E+01  1.25180792288304499E+01 C
  2.72851009383920173E+00  1.99237817046183388E+01  1.52095912715472608E+01 C
  7.39111889898228203E+00  1.99909244669818591E+01  1.52167917200465297E+01 C
  1.20773358265082411E+01  2.01474644936894585E+01  1.52053289301789096E+01 C
  1.67253279794177985E+01  2.00380098652017082E+01  1.51893196220788607E+01 C
  2.13790157335092985E+01  1.99753464843819906E+01  1.52154659944931296E+01 C
  2.60461694408747881E+01  1.99324626406834007E+01  1.52136764584128308E+01 C
  4.00137152488807879E-01  1.99153311314690207E+01  1.65572363517680401E+01 C
  5.06143928801062248E+00  1.99434245145500917E+01  1.65564653408299201E+01 C
  9.71397625336435055E+00  2.01468888254511995E+01  1.65700724117335874E+01 C
  1.44052878994950895E+01  2.02364154868408903E+01  1.64885345257776486E+01 C
  1.90675219195008090E+01  2.00342999050817596E+01  1.65507023730252776E+01 C
  2.37207643335348273E+01  1.99418579745735691E+01  1.65614129399947174E+01 C
  3.99129597078530907E-01  1.99088820771135211E+01  1.92518295017610299E+01 C
  5.05159200148390042E+00  1.99385862180189015E+01  1.92469593712013385E+01 C
  9.66244241055737518E+00  2.02368137476348586E+01  1.92280823405564583E+01 C
  1.44929333607130406E+01  2.08143253390711607E+01  1.91945329854018993E+01 C
  1.90754548140132592E+01  2.00299707566344303E+01  1.92608126008861689E+01 C
  2.37258653192756697E+01  1.99185607900292787E+01  1.92498406492583385E+01 C
  2.72833981738801290E+00  1.99200815704483212E+01  2.05996532384883473E+01 C
  7.37884539259726679E+00  2.00342536262661604E+01  2.05886670119458302E+01 C
  1.19624398694639904E+01  2.08172659997506706E+01  2.06550649822065182E+01 C
  1.67919398141106200E+01  2.02311624625154707E+01  2.06214955611201098E+01 C
  2.14026512720507469E+01  1.99351640116546704E+01  2.06025826371926399E+01 C
  2.60549417952434084E+01  1.99081625942310296E+01  2.05976688698224386E+01 C
  2.73333550653218404E+00  1.99423273620616293E+01  2.32881210621323085E+01 C
  7.38646007919011716E+00  2.00363599954172287E+01  2.32987833245488289E+01 C
  1.20487422485962412E+01  2.02369579516221592E+01  2.33609336557614888E+01 C
  1.67401439829787080E+01  2.01420070771542505E+01  2.32796143915544995E+01 C
  2.13926023925105895E+01  1.99395901151656894E+01  2.32931183446653378E+01 C
  2.60538334545917287E+01  1.99140491050362307E+01  2.32923028370556793E+01 C
  4.07793161707189322E-01  1.99317711353127898E+01  2.46358954890375195E+01 C
  5.07497532532903417E+00  1.99758041439471512E+01  2.46340691380654100E+01 C
  9.72870492427044020E+00  2.00385290052321210E+01  2.46600865524423085E+01 C
  1.43765864453396812E+01  2.01444047378913389E+01  2.46443108072103492E+01 C
  1.90628742416717500E+01  1.99862105453453296E+01  2.46328845743778970E+01 C
  2.37254936789260782E+01  1.99212597191360388E+01  2.46400148394144978E+01 C
  4.04583856433509248E-01  1.99477989180534507E+01  2.73315389925937779E+01 C
  5.06842677249821527E+00  1.99577960383837407E+01  2.73367738864989995E+01 C
  9.72683041154459715E+00  1.99470551685888786E+01  2.73471761187995277E+01 C
  1.43879650178695897E+01  1.99877884872965907E+01  2.73325057427872800E+01 C
  1.90593691317583591E+01  1.99456634161182897E+01  2.73287031866299372E+01 C
  2.37228512387533002E+01  1.99328381918524506E+01  2.73271374832034084E+01 C
  2.73908523429949380E+00  1.99554895489192212E+01  2.86779296496691281E+01 C
  7.39314812827352608E+00  1.99382864742671302E+01  2.86853402281852077E+01 C
  1.20623757161506298E+01  1.99456236735382610E+01  2.86813304459753589E+01 C
  1.67248255707575275E+01  1.99439044440100801E+01  2.86756942098992198E+01 C
  2.13878170540728476E+01  1.99311836779358913E+01  2.86703115705949294E+01 C
  2.60561707042343578E+01  1.99463865033856500E+01  2.86719226299693801E+01 C
  2.73690931596134090E+00  1.99582908385110613E+01  3.13693319243595674E+01 C
  7.39415575499008693E+00  1.99334428928943588E+01  3.13772703547239082E+01 C
  1.20619400997528405E+01  1.99219815295301999E+01  3.13746537743861680E+01 C
  1.67237330521044569E+01  1.99221489288980607E+01  3.13629238040651792E+01 C
  2.13860082015421078E+01  1.99374065121376383E+01  3.13652939428857174E+01 C
  2.60526812621682886E+01  1.99592197897041395E+01  3.13678929129059298E+01 C
  1.32314666896639999E+01  2.31535308539522902E+01  1.99253934865295399E+01 N {IGSpin: 1}
  4.04344978697140423E-01  1.99660510436288696E+01  4.07684167131561082E-01 C
  5.06737613691190347E+00  1.99495194262863791E+01  4.12220226801939038E-01 C
  9.72996579754698843E+00  1.99227927537985714E+01  4.14234938258890684E-01 C
  1.43914130148679007E+01  1.99197276034562201E+01  4.08469270046602051E-01 C
  1.90590603073362495E+01  1.99293141290162694E+01  4.02142771873657323E-01 C
  2.37205590478526496E+01  1.99553828187464113E+01  4.05395889495034911E-01 C
  4.02495505024334954E-01  1.99709644410652096E+01  3.10234464439204594E+00 C
  5.06669948564875838E+00  1.99512570612002413E+01  3.10637842334579206E+00 C
  9.72883927517232650E+00  1.99239626998498807E+01  3.10285143123181273E+00 C
  1.43904616525639106E+01  1.99189107033621404E+01  3.10011101524148502E+00 C
  1.90570753878876786E+01  1.99349998619420816E+01  3.09655143261890586E+00 C
  2.37188202736394373E+01  1.99630860755218009E+01  3.09546260355108105E+00 C
  2.73498512235399804E+00  1.99632332734379112E+01  4.44930296528266300E+00 C
  7.39657763730291062E+00  1.99353824756986384E+01  4.44817811258856199E+00 C
  1.20631298116019501E+01  1.99194379873809915E+01  4.44460891443660078E+00 C
  1.67248480016526280E+01  1.99243962999387598E+01  4.44185308604936679E+00 C
  2.13870007450226076E+01  1.99516239871164309E+01  4.43833706927091143E+00 C
  2.60512527307542783E+01  1.99711746940010713E+01  4.44243586441898941E+00 C
  2.73325920685449608E+00  1.99563742886960718E+01  7.13938346138624436E+00 C
  7.39461401824859799E+00  1.99312470755463593E+01  7.14260415442555363E+00 C
  1.20622056612044606E+01  1.99221719584727595E+01  7.13625723707155135E+00 C
  1.67237520009604275E+01  1.99247739821083805E+01  7.13044680258106212E+00 C
  2.13863812770532498E+01  1.99508323469856705E+01  7.13248744711486715E+00 C
  2.60494277503437068E+01  1.99668472684726908E+01  7.13709114458829053E+00 C
